% West Ham United - Arsenal, 2019-01-12, Premier League, 371443
% >371443 28 8 4 9 3.0 1.0 2.0 2.66 1.6600000000000001 1.6600000000000001 0.0 1.0 5.0     41 12 5 4 3.0 1.0 2.0 0.66 2.66 2.66 0.5 0.1 0.0     ?

% Brighton &amp; Hove Albion - Liverpool, 2019-01-12, Premier League, 371444
% >371444 26 7 5 9 1.0 2.0 3.0 2.66 1.6600000000000001 1.6600000000000001 1.0 1.0 4.0     54 17 3 1 5.0 0.0 1.0 3.66 0.66 1.6600000000000001 0.4 0.1 0.1     ?

% Burnley - Fulham, 2019-01-12, Premier League, 371445
% >371445 18 5 3 13 3.0 0.0 3.0 2.33 0.33 3.33 3.0 1.0 2.0     14 3 5 13 1.0 2.0 3.0 0.66 1.6600000000000001 3.66 0.2 0.1 0.3     ?

% Cardiff City - Huddersfield Town, 2019-01-12, Premier League, 371446
% >371446 18 5 3 13 2.0 1.0 3.0 2.66 0.66 2.66 4.33 1.33 0.33     10 2 4 15 0.0 0.0 6.0 1.33 0.33 4.33 33.0 33.1 33.4     ?

% Crystal Palace - Watford, 2019-01-12, Premier League, 371447
% >371447 22 6 4 11 3.0 1.0 2.0 2.66 1.6600000000000001 1.6600000000000001 3.0 2.0 1.0     29 8 5 8 2.0 3.0 1.0 1.6600000000000001 2.66 1.6600000000000001 0.1 0.2 0.3     ?

% Leicester City - Southampton, 2019-01-12, Premier League, 371448
% >371448 31 9 4 8 3.0 0.0 3.0 2.0 1.0 3.0 3.0 2.0 1.0     16 3 7 11 2.0 1.0 3.0 1.33 1.33 3.33 0.1 0.2 0.3     ?

% Chelsea - Newcastle United, 2019-01-12, Premier League, 371449
% >371449 44 13 5 3 2.66 1.6600000000000001 1.6600000000000001 1.33 2.33 2.33 3.33 1.33 1.33     18 4 6 11 1.0 2.0 3.0 1.6600000000000001 2.66 1.6600000000000001 33.1 33.1 33.3     ?

% Birmingham City - Middlesbrough, 2019-01-12, Championship, 371453
% >371453 39 9 12 5 2.0 3.0 1.0 2.66 1.6600000000000001 1.6600000000000001 0.33 2.33 3.33     43 11 10 5 2.0 2.0 2.0 1.6600000000000001 2.66 1.6600000000000001 33.3 33.2 33.0     ?

% Brentford - Stoke City, 2019-01-12, Championship, 371454
% >371454 28 6 10 10 1.0 3.0 2.0 1.33 1.33 3.33 2.33 2.33 1.33     35 8 11 7 2.0 2.0 2.0 0.66 3.66 1.6600000000000001 33.1 33.2 33.2     ?

% Bristol City - Bolton Wanderers, 2019-01-12, Championship, 371455
% >371455 38 10 8 8 3.0 3.0 0.0 1.6600000000000001 3.66 0.66 2.33 2.33 1.33     22 5 7 14 1.0 1.0 4.0 0.33 1.33 4.33 33.1 33.2 33.2     ?

% Hull City - Sheffield Wednesday, 2019-01-12, Championship, 371456
% >371456 36 10 6 10 5.0 1.0 0.0 3.33 1.33 1.33 1.0 4.0 1.0     32 8 8 10 2.0 3.0 1.0 1.6600000000000001 1.6600000000000001 2.66 0.1 0.4 0.1     ?

% Ipswich Town - Rotherham United, 2019-01-12, Championship, 371457
% >371457 15 2 9 15 1.0 1.0 4.0 1.33 1.33 3.33 1.33 1.33 3.33     25 5 10 11 1.0 2.0 3.0 0.66 1.6600000000000001 3.66 33.3 33.1 33.1     ?

% Preston North End - Swansea City, 2019-01-12, Championship, 371458
% >371458 29 7 8 11 2.0 1.0 3.0 2.33 2.33 1.33 1.66 1.66 2.66     36 10 6 10 3.0 1.0 2.0 2.66 0.66 2.66 66.2 66.1 66.1     ?

% Reading - Nottingham Forest, 2019-01-12, Championship, 371459
% >371459 20 4 8 14 0.0 2.0 4.0 0.66 1.6600000000000001 3.66 3.0 1.0 2.0     39 9 12 5 2.0 1.0 3.0 1.6600000000000001 2.66 1.6600000000000001 0.2 0.1 0.3     ?

% Sheffield United - Queens Park Rangers, 2019-01-12, Championship, 371460
% >371460 47 14 5 7 4.0 1.0 1.0 2.66 1.6600000000000001 1.6600000000000001 3.0 1.0 2.0     39 11 6 9 3.0 2.0 1.0 1.33 3.33 1.33 0.2 0.1 0.3     ?

% West Bromwich Albion - Norwich City, 2019-01-12, Championship, 371461
% >371461 46 13 7 6 2.0 3.0 1.0 1.6600000000000001 3.66 0.66 2.66 0.66 2.66     49 14 7 5 2.0 3.0 1.0 2.0 3.0 1.0 66.2 66.0 66.2     ?

% Wigan Athletic - Aston Villa, 2019-01-12, Championship, 371462
% >371462 26 7 5 14 0.0 1.0 5.0 1.33 1.33 3.33 0.66 0.66 4.66     38 9 11 6 2.0 4.0 0.0 2.66 2.66 0.66 66.4 66.0 66.0     ?

% Millwall - Blackburn Rovers, 2019-01-12, Championship, 371463
% >371463 28 7 7 12 3.0 1.0 2.0 2.33 2.33 1.33 1.66 2.66 1.66     34 8 10 8 1.0 2.0 3.0 1.0 2.0 3.0 66.1 66.2 66.1     ?

% Accrington Stanley - Bristol Rovers, 2019-01-12, League 1, 371464
% >371464 34 9 7 9 2.0 0.0 4.0 2.0 1.0 3.0 4.0 1.0 1.0     27 7 6 13 3.0 1.0 2.0 2.66 0.66 2.66 0.1 0.1 0.4     ?

% Barnsley - Bradford City, 2019-01-12, League 1, 371465
% >371465 46 13 7 5 3.0 2.0 1.0 2.66 2.66 0.66 3.66 1.6600000000000001 0.66     27 8 3 15 4.0 1.0 1.0 1.33 2.33 2.33 66.0 1000000000000066.1 66.3     ?

% Burton Albion - Gillingham, 2019-01-12, League 1, 371466
% >371466 35 10 5 11 2.0 2.0 2.0 2.66 1.6600000000000001 1.6600000000000001 3.0 1.0 2.0     28 8 4 14 2.0 1.0 3.0 2.66 0.66 2.66 0.2 0.1 0.3     ?

% Coventry City - AFC Wimbledon, 2019-01-12, League 1, 371467
% >371467 38 11 5 11 3.0 0.0 3.0 2.66 1.6600000000000001 1.6600000000000001 1.33 3.33 1.33     22 6 4 16 2.0 2.0 2.0 1.6600000000000001 0.66 3.66 33.1 33.3 33.1     ?

% Fleetwood Town - Oxford United, 2019-01-12, League 1, 371468
% >371468 34 9 7 10 2.0 1.0 3.0 3.66 0.66 1.6600000000000001 4.66 0.66 0.66     26 6 8 12 1.0 2.0 3.0 1.0 3.0 2.0 66.0 66.0 66.4     ?

% Peterborough United - Rochdale, 2019-01-12, League 1, 371469
% >371469 44 12 8 6 1.0 3.0 2.0 1.0 3.0 2.0 3.0 0.0 3.0     30 8 6 13 2.0 1.0 3.0 1.6600000000000001 1.6600000000000001 2.66 0.3 0.0 0.3     ?

% Portsmouth - Blackpool, 2019-01-12, League 1, 371470
% >371470 57 17 6 3 3.0 1.0 2.0 3.66 0.66 1.6600000000000001 3.66 0.66 1.6600000000000001     35 9 8 8 1.0 1.0 4.0 0.66 1.6600000000000001 3.66 1000000000000066.1 66.0 66.3     ?

% Shrewsbury Town - Charlton Athletic, 2019-01-12, League 1, 371471
% >371471 30 7 9 10 1.0 3.0 2.0 2.66 2.66 0.66 4.0 0.0 2.0     47 14 5 8 4.0 0.0 2.0 2.33 0.33 3.33 0.2 0.0 0.4     ?

% Southend United - Plymouth Argyle, 2019-01-12, League 1, 371472
% >371472 35 11 2 13 3.0 0.0 3.0 3.66 0.66 1.6600000000000001 1.0 3.0 2.0     24 6 6 14 2.0 2.0 2.0 1.33 1.33 3.33 0.2 0.3 0.1     ?

% Sunderland - Luton Town, 2019-01-12, League 1, 371473
% >371473 51 14 9 2 4.0 1.0 1.0 3.66 1.6600000000000001 0.66 1.66 2.66 1.66     52 15 7 4 4.0 2.0 0.0 3.66 1.6600000000000001 0.66 66.1 66.2 66.1     ?

% Walsall - Scunthorpe United, 2019-01-12, League 1, 371474
% >371474 32 8 8 10 1.0 2.0 3.0 2.0 2.0 2.0 2.0 3.0 1.0     30 8 6 13 2.0 0.0 4.0 2.33 0.33 3.33 0.1 0.3 0.2     ?

% Wycombe Wanderers - Doncaster Rovers, 2019-01-12, League 1, 371475
% >371475 32 8 8 10 1.0 1.0 4.0 2.66 0.66 2.66 2.0 2.0 2.0     45 13 6 7 4.0 1.0 1.0 2.66 1.6600000000000001 1.6600000000000001 0.2 0.2 0.2     ?

% Bury - Milton Keynes Dons, 2019-01-12, League 2, 371476
% >371476 46 13 7 7 3.0 1.0 2.0 4.66 0.66 0.66 0.66 1.6600000000000001 3.66     47 13 8 4 3.0 1.0 2.0 1.6600000000000001 1.6600000000000001 2.66 66.3 1000000000000066.1 66.0     ?

% Cheltenham Town - Tranmere Rovers, 2019-01-12, League 2, 371477
% >371477 29 7 8 11 3.0 3.0 0.0 3.66 1.6600000000000001 0.66 2.0 1.0 3.0     39 10 9 7 2.0 2.0 2.0 0.66 1.6600000000000001 3.66 0.3 0.1 0.2     ?

% Crewe Alexandra - Newport County, 2019-01-12, League 2, 371478
% >371478 32 9 5 13 2.0 0.0 4.0 4.33 0.33 1.33 1.6600000000000001 1.6600000000000001 2.66     36 10 6 9 1.0 1.0 4.0 0.66 0.66 4.66 66.2 1000000000000066.1 1000000000000066.1     ?

% Exeter City - Morecambe, 2019-01-12, League 2, 371479
% >371479 43 12 7 7 4.0 0.0 2.0 2.33 1.33 2.33 4.0 1.0 1.0     27 7 6 14 1.0 2.0 3.0 1.33 1.33 3.33 0.1 0.1 0.4     ?

% Grimsby Town - Macclesfield Town, 2019-01-12, League 2, 371480
% >371480 34 10 4 12 4.0 0.0 2.0 3.66 0.66 1.6600000000000001 2.0 1.0 3.0     21 5 6 16 2.0 2.0 2.0 2.33 0.33 3.33 0.3 0.1 0.2     ?

% Mansfield Town - Yeovil Town, 2019-01-12, League 2, 371481
% >371481 45 11 12 2 4.0 2.0 0.0 3.66 1.6600000000000001 0.66 2.0 3.0 1.0     24 5 9 11 0.0 3.0 3.0 0.33 2.33 3.33 0.1 0.3 0.2     ?

% Northampton Town - Carlisle United, 2019-01-12, League 2, 371482
% >371482 30 6 12 8 1.0 4.0 1.0 0.66 4.66 0.66 3.0 2.0 1.0     45 14 3 10 5.0 0.0 1.0 3.33 1.33 1.33 0.1 0.2 0.3     ?

% Notts County - Cambridge United, 2019-01-12, League 2, 371483
% >371483 21 4 9 14 1.0 1.0 4.0 1.33 2.33 2.33 0.0 1.0 5.0     26 7 5 15 1.0 1.0 4.0 0.33 0.33 5.33 0.5 0.1 0.0     ?

% Oldham Athletic - Forest Green Rovers, 2019-01-12, League 2, 371484
% >371484 38 10 8 8 4.0 0.0 2.0 2.66 1.6600000000000001 1.6600000000000001 1.66 2.66 1.66     43 11 10 4 4.0 1.0 1.0 3.66 1.6600000000000001 0.66 66.1 66.2 66.1     ?

% Port Vale - Colchester United, 2019-01-12, League 2, 371485
% >371485 29 7 8 11 0.0 4.0 2.0 0.66 1.6600000000000001 3.66 1.33 2.33 2.33     43 12 7 8 2.0 1.0 3.0 2.33 0.33 3.33 33.2 33.2 33.1     ?

% Stevenage - Crawley Town, 2019-01-12, League 2, 371486
% >371486 38 11 5 11 2.0 1.0 3.0 2.66 0.66 2.66 2.0 1.0 3.0     33 10 3 13 1.0 1.0 4.0 0.66 1.6600000000000001 3.66 0.3 0.1 0.2     ?

% Swindon Town - Lincoln City, 2019-01-12, League 2, 371487
% >371487 36 9 9 9 1.0 3.0 2.0 2.33 1.33 2.33 1.0 2.0 3.0     51 15 6 4 4.0 1.0 1.0 2.66 1.6600000000000001 1.6600000000000001 0.3 0.2 0.1     ?

% Guingamp - Saint-Etienne, 2019-01-12, Ligue 1, 371577
% >371577 11 2 5 11 1.0 1.0 4.0 1.0 3.0 2.0 2.0 0.0 4.0     30 8 6 4 3.0 1.0 2.0 0.33 2.33 3.33 0.4 0.0 0.2     ?

% Nice - Bordeaux, 2019-01-12, Ligue 1, 371580
% >371580 26 7 5 6 3.0 2.0 1.0 2.66 1.6600000000000001 1.6600000000000001 3.0 2.0 1.0     22 5 7 5 1.6600000000000001 3.66 0.66 1.33 3.33 1.33 0.1 0.2 0.3     ?

% Nimes - Angers, 2019-01-12, Ligue 1, 371582
% >371582 23 6 5 7 4.0 0.0 2.0 2.0 2.0 2.0 2.66 1.66 1.66     20 4 8 6 0.0 4.0 2.0 0.66 3.66 1.6600000000000001 66.1 66.1 66.2     ?

% Amiens - Paris Saint-Germain, 2019-01-12, Ligue 1, 371583
% >371583 18 5 3 11 2.0 2.0 2.0 1.0 2.0 3.0 2.0 2.0 2.0     47 15 2 0 4.33 1.33 0.33 1.66 2.66 1.66 0.2 0.2 0.2     ?

% Boavista - Maritimo, 2019-01-12, Primeira Liga, 372156
% >372156 16 4 4 8 2.0 2.0 2.0 2.66 1.6600000000000001 1.6600000000000001 3.0 1.0 2.0     14 4 2 10 1.0 1.0 4.0 1.0 2.0 3.0 0.2 0.1 0.3     ?

% Sporting CP - FC Porto, 2019-01-12, Primeira Liga, 372163
% >372163 34 11 1 4 4.0 0.0 2.0 4.0 1.0 1.0 2.0 1.0 3.0     42 14 0 2 6.0 0.0 0.0 4.0 1.0 1.0 0.3 0.1 0.2     ?

% Leganes - SD Huesca, 2019-01-12, Liga BBVA, 378438
% >378438 19 4 7 7 1.0 3.0 2.0 2.0 3.0 1.0 2.0 2.0 2.0     11 2 5 11 1.0 2.0 3.0 1.0 1.0 4.0 0.2 0.2 0.2     ?

% Valencia - Real Valladolid, 2019-01-12, Liga BBVA, 378439
% >378439 22 4 10 4 2.0 2.0 2.0 2.66 1.66 1.66 2.0 2.0 2.0     21 5 6 7 1.0 2.0 3.0 1.6600000000000001 1.6600000000000001 2.66 0.2 0.2 0.2     ?

% Girona - Deportivo Alaves, 2019-01-12, Liga BBVA, 378440
% >378440 23 5 8 5 2.0 3.0 1.0 2.0 3.0 1.0 2.33 2.33 1.33     31 9 4 5 3.0 2.0 1.0 2.0 1.0 3.0 33.1 33.2 33.2     ?

% Villarreal - Getafe, 2019-01-12, Liga BBVA, 378441
% >378441 17 3 8 7 1.0 4.0 1.0 2.33 2.33 1.33 2.66 0.66 2.66     25 6 7 5 1.0 3.0 2.0 1.6600000000000001 3.66 0.66 66.2 66.0 66.2     ?

% Albacete - Sporting Gijon, 2019-01-12, Liga Adelante, 378442
% >378442 38 10 8 2 5.0 1.0 0.0 4.33 1.33 0.33 1.33 2.33 2.33     26 6 8 6 2.0 2.0 2.0 1.33 2.33 2.33 33.2 33.2 33.1     ?

% Las Palmas - Osasuna, 2019-01-12, Liga Adelante, 378443
% >378443 25 5 10 5 0.0 3.0 3.0 1.0 4.0 1.0 2.33 2.33 1.33     35 10 5 5 5.0 0.0 1.0 2.33 1.33 2.33 33.1 33.2 33.2     ?

% Reus - Numancia, 2019-01-12, Liga Adelante, 378444
% >378444 20 5 5 10 1.0 1.0 4.0 1.33 2.33 2.33 2.0 1.0 3.0     22 5 7 8 1.0 1.0 4.0 0.33 2.33 3.33 0.3 0.1 0.2     ?

% Mallorca - Deportivo La Coruna, 2019-01-12, Liga Adelante, 378445
% >378445 30 8 6 6 3.0 2.0 1.0 3.33 2.33 0.33 2.0 2.0 2.0     36 9 9 2 3.0 2.0 1.0 0.33 4.33 1.33 0.2 0.2 0.2     ?

% Real Oviedo - Tenerife, 2019-01-12, Liga Adelante, 378446
% >378446 27 7 6 7 3.0 2.0 1.0 3.33 2.33 0.33 3.0 1.0 2.0     22 4 10 6 2.0 3.0 1.0 0.66 2.66 2.66 0.2 0.1 0.3     ?

% Grenoble - Le Havre, 2019-01-12, Ligue 2, 378448
% >378448 31 9 4 6 3.0 1.0 2.0 2.66 0.66 2.66 1.66 2.66 1.66     27 7 6 5 2.33 2.33 1.33 1.33 2.33 2.33 66.1 66.2 66.1     ?

% Brest - Troyes, 2019-01-12, Ligue 2, 378449
% >378449 38 11 5 3 2.0 3.0 1.0 3.66 1.6600000000000001 0.66 3.0 1.0 2.0     29 9 2 8 4.0 1.0 1.0 3.0 2.0 1.0 0.2 0.1 0.3     ?

% Leixoes - Penafiel, 2019-01-12, Segunda Liga, 378528
% >378528 18 5 3 8 1.0 0.0 5.0 2.66 0.66 2.66 3.0 3.0 0.0     26 8 2 6 4.0 0.0 2.0 2.33 0.33 3.33 0.0 0.3 0.3     ?

% Burnley - Fulham, 2019-01-12, Premier League, 378816
% >378816 18 5 3 13 3.0 0.0 3.0 2.33 0.33 3.33 3.0 1.0 2.0     14 3 5 13 1.0 2.0 3.0 0.66 1.6600000000000001 3.66 0.2 0.1 0.3     ?

% Girona - Deportivo Alaves, 2019-01-12, Liga BBVA, 378820
% >378820 23 5 8 5 2.0 3.0 1.0 2.0 3.0 1.0 2.33 2.33 1.33     31 9 4 5 3.0 2.0 1.0 2.0 1.0 3.0 33.1 33.2 33.2     ?

% Villarreal - Getafe, 2019-01-12, Liga BBVA, 378821
% >378821 17 3 8 7 1.0 4.0 1.0 2.33 2.33 1.33 2.66 0.66 2.66     25 6 7 5 1.0 3.0 2.0 1.6600000000000001 3.66 0.66 66.2 66.0 66.2     ?

% Nice - Bordeaux, 2019-01-12, Ligue 1, 378829
% >378829 26 7 5 6 3.0 2.0 1.0 2.66 1.6600000000000001 1.6600000000000001 3.0 2.0 1.0     22 5 7 5 1.6600000000000001 3.66 0.66 1.33 3.33 1.33 0.1 0.2 0.3     ?

% Nimes - Angers, 2019-01-12, Ligue 1, 378830
% >378830 23 6 5 7 4.0 0.0 2.0 2.0 2.0 2.0 2.66 1.66 1.66     20 4 8 6 0.0 4.0 2.0 0.66 3.66 1.6600000000000001 66.1 66.1 66.2     ?

% Grenoble - Le Havre, 2019-01-12, Ligue 2, 378831
% >378831 31 9 4 6 3.0 1.0 2.0 2.66 0.66 2.66 1.66 2.66 1.66     27 7 6 5 2.33 2.33 1.33 1.33 2.33 2.33 66.1 66.2 66.1     ?

% Brest - Troyes, 2019-01-12, Ligue 2, 378832
% >378832 38 11 5 3 2.0 3.0 1.0 3.66 1.6600000000000001 0.66 3.0 1.0 2.0     29 9 2 8 4.0 1.0 1.0 3.0 2.0 1.0 0.2 0.1 0.3     ?

% Boavista - Maritimo, 2019-01-12, Primeira Liga, 378835
% >378835 16 4 4 8 2.0 2.0 2.0 2.66 1.6600000000000001 1.6600000000000001 3.0 1.0 2.0     14 4 2 10 1.0 1.0 4.0 1.0 2.0 3.0 0.2 0.1 0.3     ?

% Leixoes - Penafiel, 2019-01-12, Segunda Liga, 378836
% >378836 18 5 3 8 1.0 0.0 5.0 2.66 0.66 2.66 3.0 3.0 0.0     26 8 2 6 4.0 0.0 2.0 2.33 0.33 3.33 0.0 0.3 0.3     ?

% Everton - AFC Bournemouth, 2019-01-13, Premier League, 371450
% >371450 27 7 6 8 1.0 1.0 4.0 1.33 2.33 2.33 4.0 1.0 1.0     27 8 3 10 1.0 1.0 4.0 0.66 0.66 4.66 0.1 0.1 0.4     ?

% Tottenham Hotspur - Manchester United, 2019-01-13, Premier League, 371451
% >371451 48 16 0 5 5.0 0.0 1.0 3.0 1.0 2.0 3.0 0.0 3.0     38 11 5 5 5.0 0.0 1.0 2.66 1.6600000000000001 1.6600000000000001 0.3 0.0 0.3     ?

% Marseille - Monaco, 2019-01-13, Ligue 1, 371569
% >371569 27 8 3 6 1.33 1.33 3.33 1.66 1.66 2.66 0.0 2.0 4.0     13 3 4 11 1.33 1.33 3.33 2.33 1.33 2.33 0.4 0.2 0.0     ?

% Academica - Varzim, 2019-01-13, Segunda Liga, 372176
% >372176 24 7 3 6 3.0 1.0 2.0 2.33 0.33 3.33 3.66 0.66 1.6600000000000001     22 6 4 6 3.0 1.0 2.0 2.66 1.6600000000000001 1.6600000000000001 1000000000000066.1 66.0 66.3     ?

% Benfica B - Braga B, 2019-01-13, Segunda Liga, 372178
% >372178 28 8 4 3 3.0 2.0 1.0 5.33 0.33 0.33 2.0 2.0 2.0     13 4 1 11 1.0 0.0 5.0 0.66 0.66 4.66 0.2 0.2 0.2     ?

% Mafra - Sporting Covilha, 2019-01-13, Segunda Liga, 372180
% >372180 25 7 4 5 2.0 0.0 4.0 2.66 1.6600000000000001 1.6600000000000001 2.0 1.0 3.0     13 3 4 9 1.0 2.0 3.0 0.66 0.66 4.66 0.3 0.1 0.2     ?

% Arouca - Oliveirense, 2019-01-13, Segunda Liga, 372181
% >372181 14 3 5 8 0.0 4.0 2.0 0.66 2.66 2.66 2.33 1.33 2.33     15 3 6 7 1.0 1.0 4.0 1.6600000000000001 0.66 3.66 33.2 33.1 33.2     ?

% FC Porto B - Vitoria de Guimaraes B, 2019-01-13, Segunda Liga, 372183
% >372183 21 6 3 7 5.0 1.0 0.0 3.33 1.33 1.33 4.0 0.0 2.0     20 5 5 6 2.0 2.0 2.0 0.66 2.66 2.66 0.2 0.0 0.4     ?

% Athletic Bilbao - Sevilla, 2019-01-13, Liga BBVA, 372410
% >372410 19 3 10 5 1.0 3.0 2.0 1.0 4.0 1.0 2.0 0.0 4.0     33 9 6 3 1.6600000000000001 3.66 0.66 1.0 4.0 1.0 0.4 0.0 0.2     ?

% Atletico Madrid - Levante, 2019-01-13, Liga BBVA, 372411
% >372411 35 9 8 1 3.33 2.33 0.33 3.0 2.0 1.0 3.66 0.66 1.6600000000000001     23 6 5 7 0.0 3.0 3.0 1.6600000000000001 2.66 1.6600000000000001 1000000000000066.1 66.0 66.3     ?

% Barcelona - Eibar, 2019-01-13, Liga BBVA, 372415
% >372415 40 12 4 2 4.33 1.33 0.33 3.33 1.33 1.33 6.0 0.0 0.0     22 5 7 6 2.0 4.0 0.0 1.33 2.33 2.33 0.0 0.0 0.6     ?

% Real Betis - Real Madrid, 2019-01-13, Liga BBVA, 372418
% >372418 26 7 5 6 3.0 2.0 1.0 2.66 2.66 0.66 1.0 1.0 4.0     30 9 3 6 3.33 1.33 1.33 2.66 1.6600000000000001 1.6600000000000001 0.4 0.1 0.1     ?

% Alcorcon - Almeria, 2019-01-13, Liga Adelante, 372426
% >372426 34 10 4 6 1.0 1.0 4.0 3.33 1.33 1.33 1.0 4.0 1.0     28 7 7 6 1.0 4.0 1.0 0.33 3.33 2.33 0.1 0.4 0.1     ?

% Cordoba - Rayo Majadahonda, 2019-01-13, Liga Adelante, 372428
% >372428 17 3 8 9 1.0 2.0 3.0 2.66 1.6600000000000001 1.6600000000000001 2.0 2.0 2.0     21 6 3 11 0.0 2.0 4.0 1.33 0.33 4.33 0.2 0.2 0.2     ?

% Elche - Gimnastic, 2019-01-13, Liga Adelante, 372429
% >372429 21 4 9 7 1.0 2.0 3.0 2.0 3.0 1.0 2.66 1.6600000000000001 1.6600000000000001     16 4 4 12 1.0 1.0 4.0 1.0 0.0 5.0 1000000000000066.1 1000000000000066.1 66.2     ?

% Lugo - Extremadura, 2019-01-13, Liga Adelante, 372431
% >372431 22 5 7 8 2.0 2.0 2.0 2.33 1.33 2.33 2.0 2.0 2.0     20 5 5 10 3.0 0.0 3.0 1.6600000000000001 1.6600000000000001 2.66 0.2 0.2 0.2     ?

% Real Zaragoza - Malaga, 2019-01-13, Liga Adelante, 372434
% >372434 22 5 7 8 2.0 2.0 2.0 1.33 3.33 1.33 2.0 2.0 2.0     36 11 3 6 2.0 2.0 2.0 0.0 3.0 3.0 0.2 0.2 0.2     ?

% Academico Viseu - Farense, 2019-01-13, Segunda Liga, 373988
% >373988 16 4 4 7 2.0 1.0 3.0 2.66 1.6600000000000001 1.6600000000000001 2.0 2.0 2.0     23 6 5 5 2.0 2.0 2.0 2.33 2.33 1.33 0.2 0.2 0.2     ?

% Nantes - Rennes, 2019-01-13, Ligue 1, 378477
% >378477 23 6 5 7 4.0 1.0 1.0 4.33 1.33 0.33 0.0 2.0 4.0     26 7 5 6 4.0 1.0 1.0 3.0 2.0 1.0 0.4 0.2 0.0     ?

% Toulouse - Strasbourg, 2019-01-13, Ligue 1, 378478
% >378478 21 5 6 7 4.0 0.0 2.0 3.33 1.33 1.33 1.33 2.33 2.33     26 6 8 5 1.0 4.0 1.0 1.0 3.0 2.0 33.2 33.2 33.1     ?

% Nacional - Belenenses, 2019-01-13, Primeira Liga, 378480
% >378480 19 5 4 7 3.0 1.0 2.0 3.0 2.0 1.0 1.6600000000000001 3.66 0.66     25 6 7 3 3.0 2.0 1.0 1.33 3.33 1.33 66.0 66.3 1000000000000066.1     ?

% Chaves - Tondela, 2019-01-13, Primeira Liga, 378481
% >378481 9 2 3 11 0.0 1.0 5.0 0.66 1.6600000000000001 3.66 1.33 2.33 2.33     18 5 3 8 3.0 0.0 3.0 2.66 0.66 2.66 33.2 33.2 33.1     ?

% Rio Ave - Vitoria de Setubal, 2019-01-13, Primeira Liga, 378482
% >378482 19 5 4 7 0.0 1.0 5.0 0.66 2.66 2.66 3.0 2.0 1.0     18 5 3 8 2.0 0.0 4.0 2.33 0.33 3.33 0.1 0.2 0.3     ?

% CD Cova da Piedade - Pacos de Ferreira, 2019-01-13, Segunda Liga, 378483
% >378483 17 4 5 7 2.0 1.0 3.0 2.33 1.33 2.33 2.0 2.0 2.0     37 12 1 3 5.0 0.0 1.0 4.0 1.0 1.0 0.2 0.2 0.2     ?

% Barcelona - Eibar, 2019-01-13, Liga BBVA, 378849
% >378849 40 12 4 2 4.33 1.33 0.33 3.33 1.33 1.33 6.0 0.0 0.0     22 5 7 6 2.0 4.0 0.0 1.33 2.33 2.33 0.0 0.0 0.6     ?

% Nantes - Rennes, 2019-01-13, Ligue 1, 378853
% >378853 23 6 5 7 4.0 1.0 1.0 4.33 1.33 0.33 0.0 2.0 4.0     26 7 5 6 4.0 1.0 1.0 3.0 2.0 1.0 0.4 0.2 0.0     ?

% Toulouse - Strasbourg, 2019-01-13, Ligue 1, 378854
% >378854 21 5 6 7 4.0 0.0 2.0 3.33 1.33 1.33 1.33 2.33 2.33     26 6 8 5 1.0 4.0 1.0 1.0 3.0 2.0 33.2 33.2 33.1     ?

% Marseille - Monaco, 2019-01-13, Ligue 1, 378855
% >378855 27 8 3 6 1.33 1.33 3.33 1.66 1.66 2.66 0.0 2.0 4.0     13 3 4 11 1.33 1.33 3.33 2.33 1.33 2.33 0.4 0.2 0.0     ?

% Nacional - Belenenses, 2019-01-13, Primeira Liga, 378859
% >378859 19 5 4 7 3.0 1.0 2.0 3.0 2.0 1.0 1.6600000000000001 3.66 0.66     25 6 7 3 3.0 2.0 1.0 1.33 3.33 1.33 66.0 66.3 1000000000000066.1     ?

% Chaves - Tondela, 2019-01-13, Primeira Liga, 378860
% >378860 9 2 3 11 0.0 1.0 5.0 0.66 1.6600000000000001 3.66 1.33 2.33 2.33     18 5 3 8 3.0 0.0 3.0 2.66 0.66 2.66 33.2 33.2 33.1     ?

% Benfica B - Braga B, 2019-01-13, Segunda Liga, 378862
% >378862 28 8 4 3 3.0 2.0 1.0 5.33 0.33 0.33 2.0 2.0 2.0     13 4 1 11 1.0 0.0 5.0 0.66 0.66 4.66 0.2 0.2 0.2     ?

% Academica - Varzim, 2019-01-13, Segunda Liga, 378863
% >378863 24 7 3 6 3.0 1.0 2.0 2.33 0.33 3.33 3.66 0.66 1.6600000000000001     22 6 4 6 3.0 1.0 2.0 2.66 1.6600000000000001 1.6600000000000001 1000000000000066.1 66.0 66.3     ?

% Arouca - Oliveirense, 2019-01-13, Segunda Liga, 378864
% >378864 14 3 5 8 0.0 4.0 2.0 0.66 2.66 2.66 2.33 1.33 2.33     15 3 6 7 1.0 1.0 4.0 1.6600000000000001 0.66 3.66 33.2 33.1 33.2     ?

% Dijon - Montpellier, 2019-01-13, Ligue 1, 378971
% >378971 16 4 4 10 1.0 2.0 3.0 1.6600000000000001 1.6600000000000001 2.66 2.33 3.33 0.33     30 8 6 4 3.0 2.0 1.0 2.66 1.6600000000000001 1.6600000000000001 33.0 33.3 33.2     ?

