%% T1_PositionPoints T1_W T1_D T1_L T1_WLast6 T1_DLast6 T1_LLast6 T1_WHomeLast6 T1_DHomeLast6 T1_LHomeLast6 T1_W1v1_last6 T1_D1v1_last6 T1_L1v1_last6
%% T2_PositionPoints T2_W T2_D T2_L T2_WLast6 T2_DLast6 T2_LLast6 T2_WAwayLast6 T2_DAwayLast6 T2_LAwayLast6 T2_W1v1_last6 T2_D1v1_last6 T2_L1v1_last6
%% Label (1 == Home, X == Draw, 2 == Away)

% Сентръл Коуст - Пърт Глори 31.12.18 Au1
2 0 2 7 0 0 6 0.66 1.66 3.66 3 0 3    20 6 2 1 4 1 1 3.66 1.66 0.66 3 0 3     2

% Кардиф Мет - Бари 31.12.18 Wls
21 6 3 10 1 1 4 2 1 3 3 1 2    41 13 2 4 4 1 1 4 1 1 2 1 3     1

% Ирони Рамат Хашарон - Бейтар Тел 31.12.18 Il2 
19 4 7 5 2 2 2 2 2 2 0 1 5     25 7 4 5 4 0 2 1 1 4 5 1 0     2

% Апоел Мармолек - Апоел Кфар Саба 31.12.18 Il2
6 0 6 10 0 1 5 0 3 3 2 1 3     31 9 4 3 3 1 2 3 2 1 3 1 2     2

% Бейтар Джерусалем - Апоел Хайфа 31.12.18 Il1
16 4 4 7 2 2 2 1 2 3 4 2 0     20 5 5 5 3 2 1 4 2 0 0 2 4     X

% Кардиф Сити - Тотнъм 01.01.19 PR
18 5 3 12 2 1 3 4 0 2 0.33 1.33 4.33     45 15 0 5 4 1 1 4 1 1 4.33 1.33 0.33     2

% Насионал Мадейра - Витория Гимараеш 02.01.19 Pt1
16 4 4 6 3 2 1 2 1 3 2 3 1     25 7 4 3 4 2 0 3 2 1 1 3 2     1

% Боависта - Витория Сетубал 02.01.19 Pt1
13 3 4 7 1 3 2 2 1 3 4 2 0     17 5 2 7 2 0 4 2 2 2 0 2 4     1

% Спортинг Брага - Маритимо 02.01.19 Pt1
30 9 3 2 4 0 2 5 1 0 3 1 2     11 3 2 9 0 1 5 1 1 4 2 1 3     1

% Борнeмут - Уотфорд 02.01.19 PR
26 8 2 10 1 0 5 3 0 3 1 4 1     28 8 4 8 2 2 2 2 2 2 1 4 1     X

% Челси - Саутхямптън 02.01.19 PR
43 13 4 3 4 1 1 4 1 1 6 0 0     15 3 6 11 2 0 4 1 1 4 0 0 6     X

% Хъдърсфийлд Таун - Бърнли 02.01.19 PR
10 2 4 14 0 0 6 1 1 4 0 3 3     15 4 3 13 2 0 4 0 1 5 3 3 0     2

% Уест Хям - Брайтън 02.01.19 PR
27 8 3 9 4 0 2 3 0 3 3 0 3     25 7 4 9 2 1 3 2 0 4 3 0 3     X

% Уулвърхямптън - Кристъл Палас 02.01.19 PR
29 8 5 7 4 1 1 2 0 4 2 1 3     19 5 4 11 2 1 3 1 1 4 3 1 2     2

% Нюкясъл - Манчестър Юнайтед 02.01.19 PR
18 4 6 10 1 3 2 2 1 3 1 2 3     35 10 5 5 4 0 2 2 1 3 3 2 1     2

% Портимонензе - Бенфика 02.01.19 Pt1
20 6 2 6 3 1 2 4 2 0 0.66 1.66 3.66     32 10 2 2 5 0 1 3 0 3 3.66 1.66 0.66     1

% Рио Аве - Морейрензе 02.01.19 Pt1
19 5 4 5 0 2 4 3 2 1 3 1 2     22 7 1 6 4 0 2 2 0 4 2 1 3     2

% Шавеш - Фейрензе 03.01.19 Pt1
7 2 1 11 0 0 6 1 1 4 2 2 2     10 2 4 8 0 1 5 0 0 6 2 2 2     X

% Ал Масри - Ел Гунах 03.01.19 Eg1
18 3 9 3 1 3 2 1 4 1 3 2 1     16 3 7 7 0 1 5 0 1 5 1 2 3     2

% Спортинг Лисабон - Беленензеш 03.01.19 Pt1
31 10 1 3 5 0 1 5 0 1 5 0 1     22 5 7 2 3 3 0 1 5 0 1 0 5     1

% Манчестър Сити - Ливърпул 03.01.19 PR
47 15 2 3 3 1 2 5 0 1 1 2 3     54 17 3 0 6 0 0 4 0 2 3 2 1     1

% Авеш - Порто 03.01.19 Pt1
11 3 2 9 2 1 3 2 1 3 0 1 5     36 12 0 2 6 0 0 5 0 1 5 1 0     2

% Виляреал - Реал Мадрид 03.01.19 Es1
15 3 6 7 2 2 2 4 1 1 2 2 2     29 9 2 5 5 0 1 5 0 1 2 2 2     X

% НЕРОКА - Шилонг Лайонг 04.01.19 In1
18 5 3 2 4 1 1 3 2 1 3 1 2     4 1 1 8 0 1 5 0 0 6 2 1 3     1

% Сидни - Сентръл Коуст 04.01.19 Au1
20 6 2 2 4 0 2 2.66 0.66 2.66 4 1 1     2 0 2 8 0 0 6 0.33 1.33 4.33 1 1 4     1

% Ченай - Гокулам 04.01.19 In1
21 6 3 1 3 2 1 3.33 1.33 1.33 2 2 2     10 2 4 4 1 2 3 0.66 1.66 3.66 2 2 2     1

% Леванте - Джирона 04.01.19 Es1
22 6 4 7 2 2 2 4 0 2 2 2 2     22 5 7 5 2 2 2 2 2 2 2 2 2     X

% Еспаньол - Леганес 04.01.19 Es1
21 6 3 8 1 0 5 3 0 3 2.66 0.66 2.66     19 4 7 6 3 3 0 2 3 1 2.66 0.66 2.66     1

% Гранада - Албасете  04.01.19 Es2
38 11 5 3 3 2 1 4 1 1 2.33 1.33 2.33     37 10 7 2 5 1 0 3 1 2 2.33 1.33 2.33     X

% Тенерифе - Елче 04.01.19 Es2
19 3 10 6 1 3 2 2 4 0 2 2 2     21 4 9 6 1 3 2 1 2 3 2 2 2     1

% Академика Коимбра - Кова Де Пиедаде 04.01.19 Pt2
18 5 3 6 4 0 2 2 1 3 0.66 1.66 3.66     17 4 5 5 2 2 2 1 3 2 3.66 1.66 0.66     1

% Аделаида Юнайтед - Уелингтън Финикс 05.01.19 Au1
15 4 3 3 3 1 2 1 3 2 3 3 0     15 4 3 3 3 2 1 1.66 2.66 1.66 0 3 3      X

% Айзавл - Индиан Ароус 05.01.19 In1
9 2 3 5 2 1 3 2.33 1.33 2.33 2 4 0      7 2 1 6 1 1 4 0.66 0.66 4.66 0 4 2     2

% Уестърн Сидни - Мелбърн Виктори 05.01.19 Au1
9 2 3 5 1 1 4 1.33 1.33 3.33 0 2 4     20 6 2 2 4 2 0 3.66 1.66 0.66 4 2 0     2

% Чърчил Брадърс - Минерва Пунджаб 05.01.19 In1
16 4 4 2 3 1 2 3 1 2 1.33 2.33 2.33     13 3 4 3 2 3 1 2.33 2.33 1.33 2.33 2.33 1.33     1

% Туделано - Р. Унион 05.01.19 Es3
15 3 6 9 1 2 3 1 1 4 4 1 1     21 4 9 5 2 2 2 0 5 1 1 1 4     X

% Валядолид - Райо Валекано 05.01.19 Es1
21 5 6 6 2 1 3 2 2 2 1 3 2     13 3 4 10 2 0 4 0 1 5 2 3 1     2

% Софапака - Тъскер 05.01.19 Ke1
6 1 3 1 1.33 3.33 1.33 1.33 2.33 2.33 2 4 0     10 3 1 1 3.33 1.33 1.33 2 2 2 0 4 2     2

% Ел Дакелйх - Исмайли 05.01.19 Eg1
19 4 7 6 0 4 2 2 1 3 1 2 3     16 4 4 6 2 1 3 2 2 2 3 2 1     X

% Анагениси Деринея - Агия Напа 05.01.19 Cy2
15 4 3 6 3 2 1 3 1 2 3 1 2     15 4 3 6 1 3 2 2 2 2 2 1 3     1

% АСИЛ Лиси - ТОИ Лакатамиас 05.01.19 Cy2
18 5 3 5 3 1 2 3 2 1 3 1 2     17 4 5 4 1 3 2 3 1 2 2 1 3     1

% Омония Арадипу - Сотирас 05.01.19 Cy2
15 5 0 8 2 0 4 3 0 3 2 2 2     19 5 4 4 3 2 1 2 3 1 2 2 2     1

% Отелос Атиену - Хлорака 05.01.19 Cy2
24 7 3 3 3 2 1 5 1 0 5 0 1     18 6 0 7 3 0 3 1 0 5 1 0 5     1

% Вороклинис - Закакиу 05.01.19 Cy2
12 3 3 7 1 1 4 3 1 2 1 2 3    12 3 3 7 0 3 3 1 1 4 3 2 1     2

% Кисамикос - Ираклис 05.01.19 Gr2
9 2 3 5 2 2 2 1.33 1.33 3.33 2 2 2     10 3 1 6 2 0 4 1.66 0.66 3.66 2 2 2     2

% Панахайки - Трикала 05.01.19 Gr2
12 2 6 2 0 5 1 2.33 3.33 0.33 2.66 1.66 1.66     10 3 1 6 2 1 3 0.33 1.33 4.33 1.66 1.66 2.66     1

% Ерготелис - Аполон Лариса 05.01.19 Gr2
17 5 2 3 1 2 3 3.33 1.33 1.33 2.33 1.33 2.33     20 6 2 2 3 1 2 3.66 0.66 1.66 2.33 1.33 2.33     2

% Полковане Сити - АмаЗулу 05.01.19 Za1
23 6 5 4 1 3 2 2 2 2 1 3 2     22 6 4 5 4 1 1 2 0 4 2 3 1     1

% Кайзер Чийфс - Мамелоди Съндаунс 05.01.19 Za1
21 5 6 4 2 1 3 3 2 1 2 2 2      22 5 7 0 4 2 0 4 2 0 2 2 2     2

% Ирони Кирят Шмона - Апоел Тел Авив 05.01.19 Il1
17 4 5 7 0 2 4 2 2 2 2 3 1     16 2 10 4 1 4 1 0 5 1 1 3 2     1

% Саграда - Каза Милитар 05.01.19 Ao1 
8 2 2 1 2.33 2.33 1.33 2.33 1.33 2.33 2.33 2.33 1.33     5 1 2 3 1 2 3 1 2 3 1.33 2.33 2.33     1

% Онзе Бравош - Кала 05.01.19 Ao1 
12 3 3 0 3 3 0 2 3 1 2 1 3     5 1 2 1 1.66 2.66 1.66 1.33 2.33 2.33 3 1 2     2

% Афан Лидо - Хавърфордуест 05.01.19 Wl2 
29 9 2 4 5 0 1 4 1 1 1 0 5     30 10 0 3 4 0 2 3.33 0.33 2.33 5 0 1     2

% Аманфорд - Кумаман Юнайтед 05.01.19 Wl2 
18 5 3 6 3 2 1 3.33 1.33 1.33 1.66 1.66 2.66     18 5 3 3 3 2 1 2.33 1.33 2.33 2.66 1.66 1.66     X

% Бритън Фери - Ънди 05.01.19 Wl2 
15 4 3 4 1 3 2 3 2 1 1.33 3.33 1.33     16 4 4 3 2 2 2 1 3 2 1.33 3.33 1.33     2

% Камбриън & Клудах - Гойтър АФК 05.01.19 Wl2 
29 9 2 3 6 0 0 4 0 2 4 1 1     13 4 1 9 2 0 4 1.33 0.33 4.33 1 1 4     1

% Кумбран Селтик - Тафс Уел 05.01.19 Wl2 
21 6 3 6 1 1 4 4.33 0.33 1.33 4 0 2       8 2 2 8 1 1 4 1 0 5 2 0 4     2

% Понтъприд - Гойтър Юн 05.01.19 Wl2 
13 4 1 8 2 0 4 2.33 0.33 3.33 1.33 1.33 3.33      16 4 4 5 2 2 2 2.33 1.33 2.33 3.33 1.33 1.33     2

% Тон Пентре - Пенибонт 05.01.19 Wl2
11 3 2 10 1 0 5 1.33 1.33 3.33 2 0 4      32 10 2 0 5 1 0 3 2 0 4 0 2     2

% Гресфорд - Денби 05.01.19 Wl3
23 7 2 7 2 2 2 2 2 2 3 0 3     20 6 2 8 3 1 2 2 1 3 3 0 3     1

% Рутин - Холиуел 05.01.19 Wl3
22 7 1 8 3 0 3 4 0 2 2 2 2     12 3 3 9 2 1 3 1.33 1.33 3.33 2 2 2     1

% Карнарвън - Кармартън Таун 05.01.19 Wls
28 7 7 6 2 3 1 2 3 1 1 1 4     21 5 6 9 2 3 1 1 4 1 4 1 1     1

% Кардиф Мет - Бала Таун 05.01.19 Wls
24 7 3 10 2 1 3 3 1 2 3 1 2     34 10 4 6 2 2 2 3 2 1 2 1 3     1

% Цефн Друидс - Бари 05.01.19 Wls 
20 5 5 10 1 1 4 1 3 2 3 1 2      41 13 2 5 4 0 2 3 1 2 2 1 3     2

% Ланели - Ландидно 05.01.19 Wls 
12 3 3 14 1 2 3 1 2 3 2.66 1.66 1.66      11 2 5 13 0 2 4 0 1 5 1.66 1.66 2.66     1

% Интерклубе - Петро Атлетико 05.01.19 Ao1
6 1 3 2 1 3 2 1 4 1 2 0 4      8 2 2 1 2.33 2.33 1.33 1.33 3.33 1.33 4 0 2    2

% Деспортиво Уила - К.Р.Д. Либоло 05.01.19 Ao1
11 3 2 1 3 2 1 2.66 2.66 0.66 2 2 2     5 1 2 3 1 2 3 1 1 4 2 2 2     1

% Конкенсе - Алкояно 05.01.19  Es3
19 4 7 7 1 3 2 2 4 0 1.66 1.66 2.66     22 5 7 6 2 3 1 3 1 2 2.66 1.66 1.66     X

% Еърбъс ЮК - Престатин Таун 05.01.19 Wl3
43 14 1 1 4 1 1 6 0 0 6 0 0     18 5 3 9 3 1 2 2 0 4 0 0 6     2

% Бъкли - Бангор Сити Таун 05.01.19 Wl3
21 6 3 8 1 1 4 2 1 3 1.66 1.66 2.66     31 10 1 5 4 0 2 3 0 3 2.66 1.66 1.66     2

% Гийлсфийлд - Конуи Боро 05.01.19 Wl3
22 7 1 8 2 1 3 4 0 2 3 0 3     18 4 6 7 0 3 3 0 2 4 3 0 3     2

% Холихед - Флинт 05.01.19 Wl3
7 1 4 11 0 2 4 1 2 3 2 0 4     31 9 4 3 3 1 2 3 0 3 4 0 2     2

% Портмадог - Пенринкох 05.01.19 Wl3
33 10 3 4 4 1 1 3 0 3 3 1 2     14 3 5 7 0 3 3 0 4 2 2 1 3     1

% Рил - Ланхрайдр 05.01.19 Wl3
31 10 1 6 5 0 1 4 0 2 4.33 0.33 1.33     21 7 0 8 2 0 4 2 0 4 1.33 0.33 4.33     1

% Чарлтън - Съндърланд 05.01.19 L1
46 14 4 8 4 0 2 5 0 1 3 2 1     50 14 8 2 3 1 2 3 2 1 1 2 3     X

% Рочдейл - Бъртън Албион 05.01.19 L1
30 8 6 12 2 1 3 3 0 3 2 1 3     32 9 5 11 2 2 2 1 1 4 3 1 2     2

% Скънторп Юнайтед - Ковънтри 05.01.19 L1
27 7 6 13 2 0 4 2 1 3 5 1 0     38 11 5 10 3 0 3 1 0 5 0 1 5     1

% Кембридж Юн - Стивънидж Боро 05.01.19 L2
23 6 5 15 1 1 4 3 2 1 4 1 1     38 11 5 10 2 1 3 1 1 4 1 1 4     1

% Карлайл Юн. - Мансфийлд Таун 05.01.19 L2
42 13 3 10 5 0 1 4 0 2 1 1 4    45 11 12 1 4 2 0 3 2 1 4 1 1     1

% Колчестър Юн. - Нотс Каунти 05.01.19 L2
42 12 6 8 2 1 3 3 2 1 1 1 4     20 4 8 14 1 1 4 0 2 4 4 1 1     X

% Кроули Таун - Челтнъм 05.01.19 L2
30 9 3 13 1 1 4 2 1 3 1 1 4     29 7 8 10 3 3 0 2 2 2 4 1 1     1

% Макълсфийлд Таун - Суиндън Таун 05.01.19 L2
21 5 6 15 2 2 2 2 2 2 3 0 3     33 8 9 9 1 3 2 2 2 2 3 0 3     2

% Omonia Nicosia - AEK Larnaca, 2019-01-06, 1st League, 369151
17 5 2 7 2.0 2.0 2.0 1.33 1.33 3.33 1.0 0.0 5.0      21 6 3 4 1.0 2.0 3.0 1.6600000000000001 1.6600000000000001 2.66 5.0 0.0 1.0      1

% Nea Salamis - Apollon Limassol, 2019-01-06, 1st League, 369152
23 7 2 5 2.0 1.0 3.0 3.66 1.6600000000000001 0.66 0.0 2.0 4.0      27 8 3 2 2.0 2.0 2.0 2.0 2.0 2.0 4.0 2.0 0.0      2

% Kavala - Aspida Xanthis, 2019-01-06, League 2:: Group 1, 369568
% >369568 29 9 2 1 6.0 0.0 0.0 3.66 1.6600000000000001 0.66 2.0 2.0 2.0      10 3 1 8 1.0 1.0 4.0 0.33 1.33 4.33 2.0 2.0 2.0      ?

% Aetos Orfanou - Nestos Chrysoupoli FC, 2019-01-06, League 2:: Group 1, 369569
% >369569 22 6 4 2 2.0 3.0 1.0 3.33 2.33 0.33 2.0 2.0 2.0      30 9 3 0 6.0 0.0 0.0 4.33 1.33 0.33 2.0 2.0 2.0      ?

% Apollon Paralimniou FC - PAOK Kosmiou, 2019-01-06, League 2:: Group 1, 369570
% >369570 17 5 2 5 4.0 0.0 2.0 2.66 1.6600000000000001 1.6600000000000001 2.0 2.0 2.0      7 2 1 9 0.0 0.0 6.0 1.0 1.0 4.0 2.0 2.0 2.0      ?

% Aris Avatou - AE Kalampakiou, 2019-01-06, League 2:: Group 1, 369571
% >369571 19 5 4 3 3.0 2.0 1.0 2.66 1.6600000000000001 1.6600000000000001 2.0 2.0 2.0      8 1 5 6 0.0 3.0 3.0 0.33 2.33 3.33 2.0 2.0 2.0      ?

% Ethnikos Sidirokastrou - Orfeas Xanthis, 2019-01-06, League 2:: Group 1, 369572
% >369572 8 2 2 8 1.0 0.0 5.0 1.33 1.33 3.33 2.0 2.0 2.0      20 6 2 4 2.0 1.0 3.0 0.66 0.66 4.66 2.0 2.0 2.0      ?

% Keravnos Pernis - Ethnikos Alexandroupoli FC, 2019-01-06, League 2:: Group 1, 369573
% >369573 19 5 4 3 3.0 2.0 1.0 4.33 1.33 0.33 2.0 2.0 2.0      9 3 0 9 2.0 0.0 4.0 0.33 0.33 5.33 2.0 2.0 2.0      ?

% Panseraikos FC - Alexandros Kilkis, 2019-01-06, League 2:: Group 1, 369574
% >369574 19 6 1 5 2.33 1.33 2.33 2.0 2.0 2.0 2.0 2.0 2.0      17 4 5 3 3.0 1.0 2.0 2.66 1.6600000000000001 1.6600000000000001 2.0 2.0 2.0      ?

% Arconatese - Borgosesia, 2019-01-06, Serie D:: grp A, 369737
16 3 7 7 0.0 2.0 4.0 1.0 4.0 1.0 1.0 2.0 3.0      18 4 6 7 3.0 1.0 2.0 2.33 2.33 1.33 3.0 2.0 1.0      X

% Borgaro Torinese - Savona, 2019-01-06, Serie D:: grp A, 369738
5 1 2 14 1.0 1.0 4.0 1.33 1.33 3.33 1.66 1.66 2.66      34 9 7 1 3.0 3.0 0.0 2.33 3.33 0.33 2.66 1.66 1.66      2

% Bustese Milano City - Folgore Caratese, 2019-01-06, Serie D:: grp A, 369739
16 4 4 9 2.0 2.0 2.0 2.0 0.0 4.0 1.66 2.66 1.66      23 5 8 4 2.0 2.0 2.0 2.0 2.0 2.0 1.66 2.66 1.66      1

% Lecco - Inveruno, 2019-01-06, Serie D:: grp A, 369740
42 13 3 1 3.0 2.0 1.0 3.66 1.6600000000000001 0.66 3.0 1.0 2.0      27 7 6 4 4.0 2.0 0.0 3.33 2.33 0.33 2.0 1.0 3.0      1

% Pro Dronero - ASD Calcio Chieri 1955, 2019-01-06, Serie D:: grp A, 369741
12 3 3 10 0.0 1.0 5.0 1.33 1.33 3.33 1.66 1.66 2.66      22 7 1 9 2.0 1.0 3.0 0.33 1.33 4.33 2.66 1.66 1.66      2

% SCD Ligorna - Bra, 2019-01-06, Serie D:: grp A, 369742
27 6 9 2 1.0 5.0 0.0 1.33 3.33 1.33 2.0 1.0 3.0      25 7 4 6 2.0 2.0 2.0 2.33 2.33 1.33 3.0 1.0 2.0      1

% Sestri Levante - AS Casale, 2019-01-06, Serie D:: grp A, 369743
22 6 4 7 2.0 2.0 2.0 4.0 1.0 1.0 1.66 1.66 2.66      32 8 8 1 5.0 1.0 0.0 4.0 2.0 0.0 2.66 1.66 1.66      2

% Stresa - US Fezzanese, 2019-01-06, Serie D:: grp A, 369744
13 3 4 10 1.0 2.0 3.0 0.33 0.33 5.33 1.66 1.66 2.66      21 6 3 8 2.0 2.0 2.0 1.0 1.0 4.0 2.66 1.66 1.66      X

% Unione Sanremo - Lavagnese, 2019-01-06, Serie D:: grp A, 369745
35 10 5 2 1.0 3.0 2.0 2.33 2.33 1.33 2.33 2.33 1.33      20 4 8 4 1.0 3.0 2.0 1.33 2.33 2.33 1.33 2.33 2.33      1

% Ciserano - Caravaggio, 2019-01-06, Serie D:: grp B, 369746
16 4 4 9 2.0 1.0 3.0 1.33 1.33 3.33 3.0 0.0 3.0      20 5 5 7 1.0 1.0 4.0 2.33 1.33 2.33 3.0 0.0 3.0      X

% Como - Ambrosiana, 2019-01-06, Serie D:: grp B, 369747
42 13 3 1 5.0 1.0 0.0 5.33 0.33 0.33 2.66 1.66 1.66      14 3 5 9 1.0 3.0 2.0 1.33 2.33 2.33 1.66 1.66 2.66      1

% Legnago Salus - Scanzorosciate, 2019-01-06, Serie D:: grp B, 369748
13 3 4 10 3.0 0.0 3.0 2.66 1.6600000000000001 1.6600000000000001 1.66 1.66 2.66      14 2 8 7 1.0 4.0 1.0 1.33 3.33 1.33 2.66 1.66 1.66      1

% Mantova - Virtus Bergamo Alzanoseriate, 2019-01-06, Serie D:: grp B, 369749
44 14 2 1 5.0 1.0 0.0 5.33 0.33 0.33 2.66 1.66 1.66      25 7 4 6 2.0 2.0 2.0 2.33 2.33 1.33 1.66 1.66 2.66      X

% Pontisola - Caronnese, 2019-01-06, Serie D:: grp B, 369750
23 7 2 8 3.0 0.0 3.0 4.33 0.33 1.33 1.66 1.66 2.66      36 11 3 3 4.0 1.0 1.0 2.33 1.33 2.33 2.66 1.66 1.66      X

% Pro Sesto - Sondrio Calcio, 2019-01-06, Serie D:: grp B, 369751
36 11 3 3 4.0 1.0 1.0 3.33 1.33 1.33 3.0 2.0 1.0      23 6 5 6 1.0 1.0 4.0 1.6600000000000001 1.6600000000000001 2.66 1.0 2.0 3.0      X

% Rezzato - Villafranca, 2019-01-06, Serie D:: grp B, 369752
35 11 2 4 4.0 0.0 2.0 4.33 1.33 0.33 1.66 2.66 1.66      14 3 5 9 2.0 1.0 3.0 2.33 1.33 2.33 1.66 2.66 1.66      2

% Seregno - Darfo Boario, 2019-01-06, Serie D:: grp B, 369753
18 4 6 7 1.0 0.0 5.0 1.33 1.33 3.33 1.0 3.0 2.0      16 3 7 7 0.0 2.0 4.0 1.33 1.33 3.33 2.0 3.0 1.0      2

% ArzignanoChiampo - Union Feltre, 2019-01-06, Serie D:: grp C, 369755
29 8 5 4 3.0 2.0 1.0 2.33 1.33 2.33 3.66 0.66 1.6600000000000001      30 7 9 1 5.0 1.0 0.0 3.0 3.0 0.0 1.6600000000000001 0.66 3.66      1

% Belluno - Cjarlins Muzane, 2019-01-06, Serie D:: grp C, 369756
21 4 9 4 4.0 2.0 0.0 3.0 3.0 0.0 2.0 1.0 3.0      19 4 7 6 1.0 1.0 4.0 0.33 1.33 4.33 3.0 1.0 2.0      2

% Campodarsego - Virtus Bolzano, 2019-01-06, Serie D:: grp C, 369757
29 7 8 2 1.0 4.0 1.0 4.0 2.0 0.0 2.66 1.66 1.66      26 7 5 5 4.0 1.0 1.0 3.33 1.33 1.33 1.66 1.66 2.66      1

% Cartigliano - Trento, 2019-01-06, Serie D:: grp C, 369758
21 4 9 4 0.0 4.0 2.0 0.33 3.33 2.33 2.66 1.66 1.66      13 2 7 8 1.0 3.0 2.0 1.33 2.33 2.33 1.66 1.66 2.66      1

% Clodiense - Adriese, 2019-01-06, Serie D:: grp C, 369759
12 2 6 9 1.0 2.0 3.0 0.33 2.33 3.33 1.0 1.0 4.0      37 11 4 2 4.0 1.0 1.0 3.33 1.33 1.33 4.0 1.0 1.0      X

% Montebelluna - Este, 2019-01-06, Serie D:: grp C, 369760
23 6 5 6 1.0 3.0 2.0 2.33 2.33 1.33 3.0 0.0 3.0      26 6 8 3 0.0 4.0 2.0 1.0 2.0 3.0 3.0 0.0 3.0      1

% Sandona - Levico Terme, 2019-01-06, Serie D:: grp C, 369761
19 4 7 6 0.0 2.0 4.0 0.33 2.33 3.33 1.66 1.66 2.66      16 4 4 9 1.0 2.0 3.0 0.33 2.33 3.33 2.66 1.66 1.66      X

% St. Georgen - Chions, 2019-01-06, Serie D:: grp C, 369762
16 4 4 9 1.0 3.0 2.0 2.33 2.33 1.33 2.0 2.0 2.0      26 7 5 5 2.0 3.0 1.0 1.0 4.0 1.0 2.0 2.0 2.0      1

% Tamai - Delta Calcio Rovigo, 2019-01-06, Serie D:: grp C, 369763
13 3 4 10 1.0 1.0 4.0 0.0 0.0 6.0 2.0 3.0 1.0      25 5 10 2 3.0 3.0 0.0 3.33 2.33 0.33 1.0 3.0 2.0      2

% Axys Zola - Pavia, 2019-01-06, Serie D:: grp D, 369764
16 4 4 9 1.0 1.0 4.0 3.0 1.0 2.0 2.66 1.66 1.66      25 7 4 6 0.0 4.0 2.0 2.0 1.0 3.0 1.66 1.66 2.66      1

% Cavenago Fanfulla - Classe, 2019-01-06, Serie D:: grp D, 369765
28 8 4 5 2.0 3.0 1.0 1.33 3.33 1.33 1.66 1.66 2.66      12 3 3 11 1.0 2.0 3.0 0.33 1.33 4.33 2.66 1.66 1.66      1

% Ciliverghe Mazzano - Fiorenzuola, 2019-01-06, Serie D:: grp D, 369766
13 3 4 10 1.0 2.0 3.0 1.0 2.0 3.0 3.0 1.0 2.0      28 8 4 5 3.0 1.0 2.0 1.33 3.33 1.33 2.0 1.0 3.0      1

% Lentigione - Adrense, 2019-01-06, Serie D:: grp D, 369767
20 4 8 5 3.0 3.0 0.0 3.33 1.33 1.33 1.66 2.66 1.66      18 4 6 7 1.0 2.0 3.0 2.33 2.33 1.33 1.66 2.66 1.66      X

% Mezzolara - Sasso Marconi, 2019-01-06, Serie D:: grp D, 369768
20 4 8 5 1.0 3.0 2.0 2.0 3.0 1.0 3.0 2.0 1.0      20 5 5 7 1.0 3.0 2.0 2.0 1.0 3.0 1.0 2.0 3.0      1

% OltrepoVoghera - Calvina, 2019-01-06, Serie D:: grp D, 369769
15 2 9 6 1.0 3.0 2.0 1.0 5.0 0.0 1.66 1.66 2.66      15 3 6 8 1.0 3.0 2.0 0.0 2.0 4.0 2.66 1.66 1.66      2

% Pergolettese - San Marino, 2019-01-06, Serie D:: grp D, 369770
35 10 5 2 4.0 1.0 1.0 5.33 0.33 0.33 1.66 2.66 1.66      21 4 9 4 3.0 3.0 0.0 2.66 1.6600000000000001 1.6600000000000001 1.66 2.66 1.66      1

% Reggio Audace - Crema, 2019-01-06, Serie D:: grp D, 369771
31 9 4 4 3.0 1.0 2.0 3.33 1.33 1.33 1.66 1.66 2.66      26 7 5 5 2.0 3.0 1.0 2.33 3.33 0.33 2.66 1.66 1.66      1

% Vigor Carpaneto - Modena, 2019-01-06, Serie D:: grp D, 369772
28 7 7 3 2.0 2.0 2.0 3.33 2.33 0.33 1.66 1.66 2.66      38 11 5 1 2.0 4.0 0.0 2.0 4.0 0.0 2.66 1.66 1.66      1

% US Gavorrano - Seravezza, 2019-01-06, Serie D:: grp E, 369773
24 6 6 7 2.0 1.0 3.0 2.33 1.33 2.33 1.66 2.66 1.66      33 9 6 4 4.0 1.0 1.0 2.33 1.33 2.33 1.66 2.66 1.66      1

% Aglianese - Sangimignano, 2019-01-06, Serie D:: grp E, 369774
20 4 8 7 1.0 4.0 1.0 2.33 1.33 2.33 1.66 2.66 1.66      11 1 8 10 0.0 2.0 4.0 0.33 0.33 5.33 1.66 2.66 1.66      X

% Bastia Calcio - Ponsacco, 2019-01-06, Serie D:: grp E, 369775
19 5 4 10 1.0 1.0 4.0 2.66 1.6600000000000001 1.6600000000000001 1.66 1.66 2.66      37 11 4 4 3.0 0.0 3.0 1.33 1.33 3.33 2.66 1.66 1.66      X

% Ghivizzano Borgoamozzano - Aquila Montevarchi, 2019-01-06, Serie D:: grp E, 369776
40 12 4 3 4.0 1.0 1.0 3.33 1.33 1.33 1.66 2.66 1.66      34 9 7 3 3.0 3.0 0.0 4.33 1.33 0.33 1.66 2.66 1.66      2

% Massese - Tuttocuoio, 2019-01-06, Serie D:: grp E, 369777
11 2 5 12 1.0 1.0 4.0 0.33 1.33 4.33 1.66 1.66 2.66      38 12 2 5 3.0 1.0 2.0 1.6600000000000001 0.66 3.66 2.66 1.66 1.66      2

% Pianese - Cannara, 2019-01-06, Serie D:: grp E, 369778
31 8 7 4 1.0 4.0 1.0 2.33 3.33 0.33 2.66 1.66 1.66      25 5 10 4 1.0 4.0 1.0 1.33 3.33 1.33 1.66 1.66 2.66      1

% Real Forte Querceta - Trestina, 2019-01-06, Serie D:: grp E, 369779
16 3 7 9 1.0 2.0 3.0 1.33 1.33 3.33 1.66 1.66 2.66      31 9 4 6 2.0 2.0 2.0 1.33 2.33 2.33 2.66 1.66 1.66      1

% San Donato - Viareggio, 2019-01-06, Serie D:: grp E, 369780
31 8 7 4 5.0 0.0 1.0 4.33 1.33 0.33 2.0 1.0 3.0      26 6 8 5 4.0 2.0 0.0 2.33 3.33 0.33 3.0 1.0 2.0      1

% Sangiovannese - Prato, 2019-01-06, Serie D:: grp E, 369781
29 8 5 6 2.0 1.0 3.0 2.33 1.33 2.33 2.66 1.66 1.66      21 5 6 8 3.0 1.0 2.0 0.33 2.33 3.33 1.66 1.66 2.66      X

% Scandicci - Sinalunghese, 2019-01-06, Serie D:: grp E, 369782
16 4 4 11 1.0 1.0 4.0 2.33 0.33 3.33 1.66 2.66 1.66      17 3 8 8 1.0 2.0 3.0 0.33 1.33 4.33 1.66 2.66 1.66      2

% Vastese - Matelica, 2019-01-06, Serie D:: grp F, 369783
23 6 5 8 3.0 0.0 3.0 4.0 1.0 1.0 1.33 0.33 4.33      40 13 1 5 2.0 1.0 3.0 2.33 1.33 2.33 4.33 0.33 1.33      1

% ASD Pineto - Francavilla Calcio 1927, 2019-01-06, Serie D:: grp F, 369784
32 9 5 5 4.0 1.0 1.0 3.33 1.33 1.33 2.0 2.0 2.0      30 7 9 3 2.0 4.0 0.0 1.0 4.0 1.0 2.0 2.0 2.0      X

% Campobasso - Sangiustese, 2019-01-06, Serie D:: grp F, 369785
% >369785 21 5 8 6 3.0 3.0 0.0 1.33 3.33 1.33 1.0 2.0 3.0      33 8 9 2 2.0 3.0 1.0 3.0 2.0 1.0 3.0 2.0 1.0      ?

% Isernia - Forli, 2019-01-06, Serie D:: grp F, 369786
% >369786 17 4 5 10 1.0 3.0 2.0 2.33 2.33 1.33 1.66 1.66 2.66      19 4 7 8 2.0 2.0 2.0 1.0 2.0 3.0 2.66 1.66 1.66      ?

% Jesina - Recanatese, 2019-01-06, Serie D:: grp F, 369787
19 4 7 8 2.0 2.0 2.0 2.33 1.33 2.33 2.0 2.0 2.0      32 8 8 3 3.0 2.0 1.0 3.33 1.33 1.33 2.0 2.0 2.0      X

% Montegiorgio - Sanmaurese, 2019-01-06, Serie D:: grp F, 369788
23 6 5 8 3.0 1.0 2.0 3.0 1.0 2.0 1.66 2.66 1.66      25 5 10 4 1.0 4.0 1.0 2.33 3.33 0.33 1.66 2.66 1.66      1

% R.C. Cesena - Avezzano, 2019-01-06, Serie D:: grp F, 369789
44 14 2 3 5.0 1.0 0.0 4.0 1.0 1.0 2.66 1.66 1.66      18 5 6 8 2.0 1.0 3.0 1.33 2.33 2.33 1.66 1.66 2.66      1

% Real Giulianova - Olympia Agnonese, 2019-01-06, Serie D:: grp F, 369790
% >369790 24 6 6 7 2.0 1.0 3.0 2.33 2.33 1.33 2.66 1.66 1.66      17 3 8 8 2.0 2.0 2.0 2.33 2.33 1.33 1.66 1.66 2.66      ?

% San Nicolo - Castelfidardo, 2019-01-06, Serie D:: grp F, 369791
30 8 6 5 0.0 4.0 2.0 2.33 2.33 1.33 3.0 0.0 3.0      12 2 6 11 0.0 1.0 5.0 1.33 1.33 3.33 3.0 0.0 3.0      1

% Savignanese - Santarcangelo, 2019-01-06, Serie D:: grp F, 369792
21 5 6 8 0.0 2.0 4.0 1.33 1.33 3.33 1.66 1.66 2.66      21 4 9 6 0.0 4.0 2.0 0.33 4.33 1.33 2.66 1.66 1.66      1

% Monterosi - ASD Trastevere, 2019-01-06, Serie D:: grp G, 369793
34 10 4 5 2.0 2.0 2.0 2.0 2.0 2.0 3.0 1.0 2.0      39 12 3 4 4.0 0.0 2.0 3.33 0.33 2.33 2.0 1.0 3.0      1

% ASD Lanusei - Torres, 2019-01-06, Serie D:: grp G, 369794
41 12 5 2 5.0 1.0 0.0 5.33 0.33 0.33 2.33 0.33 3.33      18 5 3 11 2.0 0.0 4.0 1.0 1.0 4.0 3.33 0.33 2.33      1

% Aprilia - Vis Artena, 2019-01-06, Serie D:: grp G, 369795
31 9 4 6 3.0 1.0 2.0 3.33 2.33 0.33 1.66 1.66 2.66      26 8 2 9 2.0 1.0 3.0 1.33 1.33 3.33 2.66 1.66 1.66      2

% Atletico SFF - Latina, 2019-01-06, Serie D:: grp G, 369796
33 10 3 6 4.0 0.0 2.0 5.33 0.33 0.33 2.0 2.0 2.0      26 7 5 7 2.0 2.0 2.0 2.0 3.0 1.0 2.0 2.0 2.0      X

% Avellino - Ladispoli, 2019-01-06, Serie D:: grp G, 369797
34 10 4 5 3.0 1.0 2.0 2.33 2.33 1.33 2.66 1.66 1.66      21 6 3 10 2.0 1.0 3.0 1.0 1.0 4.0 1.66 1.66 2.66      1

% Cassino - Anziolavinio, 2019-01-06, Serie D:: grp G, 369798
30 9 3 7 4.0 1.0 1.0 3.33 1.33 1.33 3.0 1.0 2.0      8 2 2 15 0.0 0.0 6.0 0.33 1.33 4.33 2.0 1.0 3.0      1

% Castiadas - Ostia Mare, 2019-01-06, Serie D:: grp G, 369799
16 3 7 9 0.0 2.0 4.0 1.0 3.0 2.0 2.0 1.0 3.0      21 6 3 10 0.0 1.0 5.0 1.33 2.33 2.33 3.0 1.0 2.0      X

% Citta di Anagni - SSD Albalonga, 2019-01-06, Serie D:: grp G, 369800
21 4 9 6 3.0 2.0 1.0 1.33 4.33 0.33 1.66 1.66 2.66      34 9 7 3 5.0 1.0 0.0 2.33 2.33 1.33 2.66 1.66 1.66      2

% Flaminia - Lupa Roma, 2019-01-06, Serie D:: grp G, 369801
20 5 5 9 1.0 1.0 4.0 2.33 2.33 1.33 2.0 2.0 2.0      16 3 7 9 2.0 1.0 3.0 1.33 1.33 3.33 2.0 2.0 2.0      1

% Latte Dolce - Budoni, 2019-01-06, Serie D:: grp G, 369802
37 10 7 2 4.0 1.0 1.0 5.0 1.0 0.0 1.0 2.0 3.0      19 5 4 10 2.0 1.0 3.0 2.33 1.33 2.33 3.0 2.0 1.0      1

% Audace Cerignola - Pomigliano, 2019-01-06, Serie D:: grp H, 369803
34 10 4 3 4.0 1.0 1.0 4.33 1.33 0.33 3.0 2.0 1.0      11 2 5 10 1.0 2.0 3.0 1.33 1.33 3.33 1.0 2.0 3.0      1

% Bitonto - Taranto, 2019-01-06, Serie D:: grp H, 369804
% >369804 27 7 6 4 3.0 1.0 2.0 2.33 2.33 1.33 1.66 2.66 1.66      33 9 6 2 4.0 2.0 0.0 2.33 2.33 1.33 1.66 2.66 1.66      ?

% Citta di Fasano - Ercolanese, 2019-01-06, Serie D:: grp H, 369805
25 6 7 4 2.0 3.0 1.0 2.0 3.0 1.0 2.66 1.66 1.66      8 2 2 13 1.0 0.0 5.0 0.0 2.0 4.0 1.66 1.66 2.66      1

% Fidelis Andria - Gelbison Cilento, 2019-01-06, Serie D:: grp H, 369806
25 6 7 4 2.0 2.0 2.0 3.0 2.0 1.0 1.33 2.33 2.33      20 4 8 5 1.0 3.0 2.0 0.33 3.33 2.33 2.33 2.33 1.33      X

% Gragnano - Sorrento, 2019-01-06, Serie D:: grp H, 369807
17 4 5 8 1.0 4.0 1.0 2.33 2.33 1.33 1.66 1.66 2.66      17 4 5 8 1.0 2.0 3.0 1.0 1.0 4.0 2.66 1.66 1.66      1

% Nola - Francavilla, 2019-01-06, Serie D:: grp H, 369808
21 6 3 8 3.0 2.0 1.0 5.0 0.0 1.0 2.66 1.66 1.66      23 5 8 4 1.0 3.0 2.0 2.0 1.0 3.0 1.66 1.66 2.66      2

% Sarnese 1926 - Gravina, 2019-01-06, Serie D:: grp H, 369809
14 3 5 9 0.0 2.0 4.0 1.33 1.33 3.33 1.0 2.0 3.0      19 5 4 8 1.0 2.0 3.0 0.33 1.33 4.33 3.0 2.0 1.0      X

% Savoia - AZ Picerno ASD, 2019-01-06, Serie D:: grp H, 369810
25 6 7 4 2.0 3.0 1.0 2.0 3.0 1.0 1.66 1.66 2.66      39 12 3 2 4.0 2.0 0.0 3.0 3.0 0.0 2.66 1.66 1.66      X

% Team Altamura - ACD Nardo, 2019-01-06, Serie D:: grp H, 369811
% >369811 28 8 4 5 3.0 1.0 2.0 1.33 2.33 2.33 3.0 1.0 2.0      25 6 7 4 1.0 4.0 1.0 0.33 3.33 2.33 2.0 1.0 3.0      ?

% AP Turris - Roccella, 2019-01-06, Serie D:: grp I, 369812
34 11 3 3 4.0 1.0 1.0 6.0 0.0 0.0 2.0 1.0 3.0      21 5 6 6 2.0 2.0 2.0 0.0 3.0 3.0 3.0 1.0 2.0      1

% Acireale - Troina, 2019-01-06, Serie D:: grp I, 369813
% >369813 21 6 4 7 3.0 2.0 1.0 2.0 1.0 3.0 1.0 1.0 4.0      22 5 7 5 3.0 2.0 1.0 0.0 4.0 2.0 4.0 1.0 1.0      ?

% Bari - Messina, 2019-01-06, Serie D:: grp I, 369814
43 13 4 0 5.0 1.0 0.0 4.33 1.33 0.33 2.66 1.66 1.66      17 4 5 8 2.0 3.0 1.0 1.33 1.33 3.33 1.66 1.66 2.66      1

% Castrovillari - Portici, 2019-01-06, Serie D:: grp I, 369815
27 7 6 4 4.0 1.0 1.0 3.0 2.0 1.0 1.66 2.66 1.66      21 5 6 6 1.0 1.0 4.0 2.33 0.33 3.33 1.66 2.66 1.66      2

% Citta di Messina - US Palmese, 2019-01-06, Serie D:: grp I, 369816
22 6 4 7 4.0 1.0 1.0 5.33 0.33 0.33 1.66 2.66 1.66      22 5 7 5 2.0 0.0 4.0 1.33 1.33 3.33 1.66 2.66 1.66      2

% Cittanovese - Sancataldese, 2019-01-06, Serie D:: grp I, 369817
24 7 3 7 3.0 1.0 2.0 3.33 1.33 1.33 2.0 1.0 3.0      21 6 3 8 2.0 1.0 3.0 0.33 1.33 4.33 3.0 1.0 2.0      X

% Igea Virtus - Gela, 2019-01-06, Serie D:: grp I, 369818
13 3 4 10 2.0 1.0 3.0 1.33 2.33 2.33 2.33 3.33 0.33      24 7 3 7 1.0 1.0 4.0 3.33 0.33 2.33 0.33 3.33 2.33      X

% Locri - Nocerina, 2019-01-06, Serie D:: grp I, 369819
21 6 3 8 1.0 1.0 4.0 0.0 1.0 5.0 1.66 2.66 1.66      24 6 6 5 1.0 2.0 3.0 0.33 2.33 3.33 1.66 2.66 1.66      X

% Marsala - Rotonda, 2019-01-06, Serie D:: grp I, 369820
27 7 6 4 2.0 2.0 2.0 2.33 2.33 1.33 1.66 1.66 2.66      10 2 4 11 1.0 1.0 4.0 1.0 2.0 3.0 2.66 1.66 1.66      1

% Hawkes Bay United - Wellington Phoenix Academy, 2019-01-06, ASB Premiership, 369880
14 4 2 4 3.0 1.0 2.0 2.66 0.66 2.66 2.0 2.0 2.0      0 0 0 9 1.0 1.0 4.0 1.66 1.66 2.66 2.0 2.0 2.0      1

% Southern United - Eastern Suburbs AFC, 2019-01-06, ASB Premiership, 369881
10 3 1 5 2.0 1.0 3.0 3.0 1.0 2.0 2.0 2.0 2.0      22 7 1 2 3.0 1.0 2.0 4.66 0.66 0.66 2.0 2.0 2.0      2

% Team Wellington - Hamilton Wanderers Afc, 2019-01-06, ASB Premiership, 369882
20 6 2 1 4.0 2.0 0.0 3.33 2.33 0.33 2.0 2.0 2.0      16 5 1 4 3.0 1.0 2.0 3.0 2.0 1.0 2.0 2.0 2.0      1

% Waitakere United - Auckland City, 2019-01-06, ASB Premiership, 369883
7 2 1 7 1.0 1.0 4.0 2.0 1.0 3.0 2.0 2.0 2.0      27 9 0 0 4.0 1.0 1.0 4.0 1.0 1.0 2.0 2.0 2.0      2

% Canterbury United - Tasman United, 2019-01-06, ASB Premiership, 369884
18 5 3 2 3.0 2.0 1.0 2.66 1.6600000000000001 1.6600000000000001 2.66 1.6600000000000001 1.6600000000000001      4 1 1 8 1.0 1.0 4.0 0.0 1.0 5.0 1.6600000000000001 1.6600000000000001 2.66      1

% Benfica - Rio Ave, 2019-01-06, Primeira Liga, 369926
% >369926 32 10 2 3 4.33 0.33 1.33 3.33 1.33 1.33 5.0 1.0 0.0      19 5 4 6 0.0 2.0 4.0 1.33 1.33 3.33 0.0 1.0 5.0      ?

% Feirense - Santa Clara, 2019-01-06, Primeira Liga, 369927
% >369927 11 2 5 8 0.0 2.0 4.0 1.0 2.0 3.0 2.33 2.33 1.33      20 6 2 7 2.0 0.0 4.0 3.66 0.66 1.6600000000000001 1.33 2.33 2.33      ?

% Belenenses - Vitoria de Guimaraes, 2019-01-06, Primeira Liga, 369929
22 5 7 3 3.0 2.0 1.0 3.66 0.66 1.6600000000000001 1.0 4.0 1.0      25 7 4 4 4.0 1.0 1.0 1.6600000000000001 2.66 1.6600000000000001 1.0 4.0 1.0      1

% SC Braga - Boavista, 2019-01-06, Primeira Liga, 369933
33 10 3 2 3.66 0.66 1.6600000000000001 3.33 1.33 1.33 2.0 2.0 2.0      16 4 4 7 2.0 2.0 2.0 1.0 2.0 3.0 2.0 2.0 2.0      1

% Vitoria de Setubal - Chaves, 2019-01-06, Primeira Liga, 369934
17 5 2 8 2.0 0.0 4.0 2.0 1.0 3.0 1.33 3.33 1.33      8 2 2 11 0.0 1.0 5.0 1.0 1.0 4.0 1.33 3.33 1.33      X

% Mafra - Pacos de Ferreira, 2019-01-06, Segunda Liga, 369942
24 7 3 5 2.0 0.0 4.0 2.66 1.6600000000000001 1.6600000000000001 2.0 2.0 2.0      33 11 0 3 5.0 0.0 1.0 4.0 1.0 1.0 2.0 2.0 2.0      X

% Arouca - Farense, 2019-01-06, Segunda Liga, 369943
% >369943 12 3 3 8 0.0 2.0 4.0 1.0 2.0 3.0 2.0 2.0 2.0      22 6 4 5 2.0 2.0 2.0 2.66 1.6600000000000001 1.6600000000000001 2.0 2.0 2.0      ?

% Famalicao - Varzim, 2019-01-06, Segunda Liga, 369944
% >369944 33 10 3 2 4.0 2.0 0.0 1.6600000000000001 3.66 0.66 1.0 1.0 4.0      18 5 3 6 2.0 2.0 2.0 2.33 2.33 1.33 4.0 1.0 1.0      ?

% AD Fafe - SC Mirandela, 2019-01-06, Camp. Nac:: grp A, 369952
29 9 2 3 5.0 1.0 0.0 4.33 0.33 1.33 2.0 2.0 2.0      25 7 4 3 4.0 1.0 1.0 2.66 2.66 0.66 2.0 2.0 2.0      1

% CD Trofense - CDC Montalegre, 2019-01-06, Camp. Nac:: grp A, 369953
31 9 4 1 4.0 1.0 1.0 4.66 0.66 0.66 2.0 2.0 2.0      19 5 4 5 3.0 1.0 2.0 3.66 0.66 1.6600000000000001 2.0 2.0 2.0      1

% Gd Mirandes - CC Taipas, 2019-01-06, Camp. Nac:: grp A, 369955
6 1 3 10 1.0 0.0 5.0 1.33 1.33 3.33 2.0 2.0 2.0      10 2 4 8 0.33 2.33 3.33 1.33 2.33 2.33 2.0 2.0 2.0      1

% Gdu Torcatense - Merelinense FC, 2019-01-06, Camp. Nac:: grp A, 369956
15 4 3 7 2.0 2.0 2.0 1.6600000000000001 0.66 3.66 2.0 2.0 2.0      16 3 7 4 1.0 2.0 3.0 2.33 1.33 2.33 2.0 2.0 2.0      2

% SC Maria Fonte - Fc Felgueiras 1932, 2019-01-06, Camp. Nac:: grp A, 369958
17 5 2 7 0.66 1.6600000000000001 3.66 1.33 2.33 2.33 2.0 2.0 2.0      26 8 2 4 2.0 1.0 3.0 2.66 1.66 1.66 2.0 2.0 2.0      2

% AR Sao Martinho - FC Vizela, 2019-01-06, Camp. Nac:: grp A, 369959
27 7 6 1 2.33 2.33 1.33 3.33 1.33 1.33 2.0 2.0 2.0      38 12 2 0 4.0 2.0 0.0 5.33 0.33 0.33 2.0 2.0 2.0      X

% Vilaverdense FC - AD Oliveirense, 2019-01-06, Camp. Nac:: grp A, 369960
8 2 2 10 0.0 1.0 5.0 2.0 2.0 2.0 1.0 2.0 3.0      16 5 1 8 3.0 0.0 3.0 1.33 1.33 3.33 3.0 2.0 1.0      1

% AD Sanjoanense - RD Agueda, 2019-01-06, Camp. Nac:: grp B, 369962
24 7 3 5 2.0 2.0 2.0 2.66 1.6600000000000001 1.6600000000000001 2.0 2.0 2.0      24 6 6 3 2.0 3.0 1.0 1.6600000000000001 1.6600000000000001 2.66 2.0 2.0 2.0      1

% FC Cesarense - CD Cinfaes, 2019-01-06, Camp. Nac:: grp B, 369963
17 3 8 4 0.0 4.0 2.0 1.33 3.33 1.33 2.0 2.0 2.0      15 4 3 8 2.0 2.0 2.0 2.66 0.66 2.66 2.0 2.0 2.0      2

% Gafanha - Amarante FC, 2019-01-06, Camp. Nac:: grp B, 369964
% >369964 24 7 3 6 2.0 1.0 3.0 2.33 0.33 3.33 1.33 2.33 2.33      22 6 4 6 3.0 0.0 3.0 2.0 1.0 3.0 2.33 2.33 1.33      ?

% Gondomar SC - Maritimo B, 2019-01-06, Camp. Nac:: grp B, 369965
36 11 3 1 4.0 1.0 1.0 4.33 1.33 0.33 2.0 2.0 2.0      18 4 6 4 1.0 4.0 1.0 1.0 3.0 2.0 2.0 2.0 2.0      2

% Leca FC - Uniao SC Paredes, 2019-01-06, Camp. Nac:: grp B, 369966
12 3 3 9 2.0 2.0 2.0 1.33 0.33 4.33 2.0 2.0 2.0      25 7 4 4 3.0 1.0 2.0 2.66 1.66 1.66 2.0 2.0 2.0      1

% Alverca - AD Nogueirense, 2019-01-06, Camp. Nac:: grp C, 369973
7 1 4 10 1.0 3.0 2.0 2.0 1.0 3.0 2.0 2.0 2.0      25 7 4 4 3.0 3.0 0.0 2.33 2.33 1.33 2.0 2.0 2.0      1

% Anadia - Clube Desportivo de Alcains, 2019-01-06, Camp. Nac:: grp C, 369974
27 7 6 2 4.0 1.0 1.0 2.66 2.66 0.66 2.0 2.0 2.0      9 2 3 10 1.0 1.0 4.0 0.33 1.33 4.33 2.0 2.0 2.0      1

% Caldas SC - Ad Macao, 2019-01-06, Camp. Nac:: grp C, 369976
16 4 4 7 2.0 0.0 4.0 1.33 1.33 3.33 2.0 2.0 2.0      9 2 3 10 1.0 2.0 3.0 1.6600000000000001 1.6600000000000001 2.66 2.0 2.0 2.0      1

% Sertanense - Loures, 2019-01-06, Camp. Nac:: grp C, 369978
17 3 8 4 0.0 4.0 2.0 2.33 2.33 1.33 2.0 2.0 2.0      15 4 3 8 2.33 0.33 3.33 2.33 1.33 2.33 2.0 2.0 2.0      X

% SU Sintrense - Arc Oleiros, 2019-01-06, Camp. Nac:: grp C, 369979
27 7 6 2 2.0 2.0 2.0 2.33 2.33 1.33 2.0 2.0 2.0      23 6 5 4 2.0 4.0 0.0 2.33 2.33 1.33 2.0 2.0 2.0      1

% Uniao Leiria - GD Peniche, 2019-01-06, Camp. Nac:: grp C, 369980
29 9 2 4 4.0 0.0 2.0 3.33 1.33 1.33 2.0 2.0 2.0      13 3 4 8 1.0 2.0 3.0 1.66 2.66 1.66 2.0 2.0 2.0      1

% Vilafranquense - Torreense, 2019-01-06, Camp. Nac:: grp C, 369981
31 9 4 2 3.0 2.0 1.0 3.66 1.6600000000000001 0.66 3.0 1.0 2.0      26 7 5 3 3.0 1.0 2.0 2.33 1.33 2.33 2.0 1.0 3.0      1

% 1 Dezembro - SC Olhanense, 2019-01-06, Camp. Nac:: grp D, 369984
21 5 6 4 0.33 3.33 2.33 1.0 3.0 2.0 2.0 2.0 2.0      24 7 3 5 4.0 0.0 2.0 0.66 1.6600000000000001 3.66 2.0 2.0 2.0      2

% Amora FC - Casa Pia Atletico, 2019-01-06, Camp. Nac:: grp D, 369985
25 7 4 4 1.0 3.0 2.0 3.33 2.33 0.33 2.0 2.0 2.0      33 11 0 3 6.0 0.0 0.0 3.0 1.0 2.0 2.0 2.0 2.0      1

% CD Pinhalnovense - Fc Ferreiras, 2019-01-06, Camp. Nac:: grp D, 369986
22 6 4 5 4.0 2.0 0.0 3.0 2.0 1.0 2.0 2.0 2.0      8 1 5 9 0.0 4.0 2.0 0.66 3.66 1.6600000000000001 2.0 2.0 2.0      X

% Co Do Montijo - Sacavenense, 2019-01-06, Camp. Nac:: grp D, 369987
22 7 1 7 1.0 1.0 4.0 2.66 0.66 2.66 2.0 2.0 2.0      19 5 4 6 1.0 3.0 2.0 1.33 3.33 1.33 2.0 2.0 2.0      X

% Louletano - Redondense Fc, 2019-01-06, Camp. Nac:: grp D, 369988
17 3 8 4 2.0 2.0 2.0 1.6600000000000001 2.66 1.6600000000000001 2.0 2.0 2.0      1 0 1 14 0.0 1.0 5.0 0.33 1.33 4.33 2.0 2.0 2.0      1

% Moura Atletico Clube - Sporting Clube Ideal, 2019-01-06, Camp. Nac:: grp D, 369989
15 4 3 8 3.0 2.0 1.0 1.6600000000000001 2.66 1.6600000000000001 2.0 2.0 2.0      21 5 6 4 3.0 2.0 1.0 1.33 2.33 2.33 2.0 2.0 2.0      X

% Praiense - Clube Oriental de Lisboa, 2019-01-06, Camp. Nac:: grp D, 369990
34 11 1 2 5.0 0.0 1.0 4.0 1.0 1.0 2.0 2.0 2.0      29 9 2 4 4.0 0.0 2.0 1.33 0.33 4.33 2.0 2.0 2.0      X

% Real SC Massama - Vasco Da Gama, 2019-01-06, Camp. Nac:: grp D, 369991
28 8 4 3 3.33 1.33 1.33 2.33 2.33 1.33 2.0 2.0 2.0      11 3 2 10 2.33 1.33 2.33 2.33 1.33 2.33 2.0 2.0 2.0      1

% SC Angrense - CF OS Armacenenses, 2019-01-06, Camp. Nac:: grp D, 369992
17 4 5 6 0.0 3.0 3.0 1.33 2.33 2.33 2.0 2.0 2.0      23 6 5 4 2.0 2.0 2.0 1.6600000000000001 1.6600000000000001 2.66 2.0 2.0 2.0      2

% Baroka FC - Black Leopards, 2019-01-06, Premier League, 370074
14 3 5 7 2.0 2.0 2.0 1.0 3.0 2.0 1.6600000000000001 3.66 0.66      13 3 4 7 2.0 3.0 1.0 1.0 4.0 1.0 0.66 3.66 1.6600000000000001      2

% Lamontville Golden Arrows - Maritzburg United, 2019-01-06, Premier League, 370075
16 3 7 5 2.0 2.0 2.0 3.66 0.66 1.6600000000000001 3.0 3.0 0.0      11 1 8 5 0.0 4.0 2.0 1.6600000000000001 1.6600000000000001 2.66 0.0 3.0 3.0      1

% Jomo Cosmos - Maccabi Fc (rsa), 2019-01-06, 1st Division, 370084
20 5 5 5 2.0 1.0 3.0 3.33 2.33 0.33 2.66 1.66 1.66      18 5 3 7 3.0 0.0 3.0 2.33 1.33 2.33 1.66 1.66 2.66      2

% Stellenbosch FC - Royal Eagles, 2019-01-06, 1st Division, 370085
31 9 4 2 4.0 2.0 0.0 2.66 2.66 0.66 1.6600000000000001 3.66 0.66      24 7 3 4 5.0 0.0 1.0 3.66 0.66 1.6600000000000001 0.66 3.66 1.6600000000000001      1

% Ts Galaxy Fc - Richards Bay FC, 2019-01-06, 1st Division, 370086
20 4 8 3 2.0 3.0 1.0 2.33 2.33 1.33 1.66 2.66 1.66      21 5 6 4 2.0 3.0 1.0 2.33 1.33 2.33 1.66 2.66 1.66      1

% Ts Sporting Fc - Mbombela United, 2019-01-06, 1st Division, 370087
22 6 4 5 2.0 1.0 3.0 2.33 0.33 3.33 2.0 2.0 2.0      25 7 4 3 4.0 1.0 1.0 1.33 2.33 2.33 2.0 2.0 2.0      2

% Sevilla - Atletico Madrid, 2019-01-06, Liga BBVA, 370105
32 9 5 3 2.33 3.33 0.33 3.33 1.33 1.33 3.0 0.0 3.0      34 9 7 1 3.0 3.0 0.0 2.0 3.0 1.0 3.0 0.0 3.0      X

% Getafe - Barcelona, 2019-01-06, Liga BBVA, 370106
% >370106 25 6 7 4 2.0 3.0 1.0 2.66 0.66 2.66 0.66 1.6600000000000001 3.66      37 11 4 2 4.33 1.33 0.33 3.0 2.0 1.0 3.66 1.6600000000000001 0.66      ?

% Real Madrid - Real Sociedad, 2019-01-06, Liga BBVA, 370107
30 9 3 5 3.33 1.33 1.33 2.66 1.66 1.66 5.33 0.33 0.33      19 5 4 8 2.0 0.0 4.0 2.0 1.0 3.0 0.33 0.33 5.33      2

% Eibar - Villarreal, 2019-01-06, Liga BBVA, 370109
% >370109 21 5 6 6 2.0 4.0 0.0 2.0 4.0 0.0 3.0 1.0 2.0      16 3 7 7 1.0 4.0 1.0 0.66 3.66 1.6600000000000001 2.0 1.0 3.0      ?

% Deportivo La Coruna - Lugo, 2019-01-06, Liga Adelante, 370125
35 9 8 2 3.0 2.0 1.0 5.33 0.33 0.33 1.66 1.66 2.66      21 5 6 8 2.0 2.0 2.0 0.66 2.66 2.66 2.66 1.66 1.66      X

% Gimnastic - Cordoba, 2019-01-06, Liga Adelante, 370127
13 3 4 12 1.0 1.0 4.0 1.6600000000000001 1.6600000000000001 2.66 2.0 1.0 3.0      17 3 8 8 1.0 2.0 3.0 0.33 3.33 2.33 3.0 1.0 2.0      1

% Malaga - Reus, 2019-01-06, Liga Adelante, 370129
36 11 3 5 2.0 2.0 2.0 4.66 0.66 0.66 2.0 2.0 2.0      17 4 5 10 1.0 1.0 4.0 1.6600000000000001 0.66 3.66 2.0 2.0 2.0      2

% Osasuna - Cadiz, 2019-01-06, Liga Adelante, 370131
32 9 5 5 5.0 0.0 1.0 5.33 0.33 0.33 2.66 0.66 2.66      32 9 5 5 5.0 0.0 1.0 3.0 1.0 2.0 2.66 0.66 2.66      1

% Guijuelo - Sadcf Internacional De Madrid Dsl, 2019-01-06, Segunda B:: group I, 370136
23 7 2 9 1.0 1.0 4.0 2.33 2.33 1.33 2.0 2.0 2.0      23 5 8 5 2.0 1.0 3.0 2.0 1.0 3.0 2.0 2.0 2.0      X

% Salamanca CF Uds - Celta Vigo B, 2019-01-06, Segunda B:: group I, 370137
19 4 7 7 2.0 4.0 0.0 2.0 3.0 1.0 2.0 2.0 2.0      22 5 7 6 1.0 3.0 2.0 0.33 3.33 2.33 2.0 2.0 2.0      1

% Coruxo F.C. - Leonesa, 2019-01-06, Segunda B:: group I, 370138
25 6 7 5 2.0 2.0 2.0 4.33 1.33 0.33 2.0 1.0 3.0      30 8 6 4 2.0 3.0 1.0 1.6600000000000001 2.66 1.6600000000000001 3.0 1.0 2.0      2

% Pontevedra - Real Madrid Castilla, 2019-01-06, Segunda B:: group I, 370139
29 8 5 5 4.0 0.0 2.0 4.33 1.33 0.33 2.33 1.33 2.33      32 9 5 4 3.0 1.0 2.0 0.33 2.33 3.33 2.33 1.33 2.33      1

% RC Deportivo Fabril - Real Valladolid B, 2019-01-06, Segunda B:: group I, 370140
13 3 4 11 1.0 2.0 3.0 2.33 1.33 2.33 2.0 2.0 2.0      23 5 8 5 2.0 3.0 1.0 0.33 2.33 3.33 2.0 2.0 2.0      X

% Rapido de Bouzas - Unionistas de Salamanca, 2019-01-06, Segunda B:: group I, 370141
11 2 5 11 0.0 3.0 3.0 1.33 2.33 2.33 2.0 2.0 2.0      28 7 7 4 4.0 2.0 0.0 3.33 2.33 0.33 2.0 2.0 2.0      1

% Ponferradina - AD Union Adarve, 2019-01-06, Segunda B:: group I, 370142
33 9 6 3 2.0 2.0 2.0 2.33 3.33 0.33 3.33 1.33 1.33      20 4 8 6 0.0 4.0 2.0 0.66 2.66 2.66 1.33 1.33 3.33      1

% Las Palmas B - Atletico Madrid B, 2019-01-06, Segunda B:: group I, 370144
24 6 6 6 1.0 3.0 2.0 1.6600000000000001 2.66 1.6600000000000001 2.0 2.0 2.0      28 7 7 4 4.0 1.0 1.0 2.33 1.33 2.33 2.0 2.0 2.0      2

% Gimnastica Torrelavega - Cd Calahorra, 2019-01-06, Segunda B:: group II, 370152
16 4 4 10 1.0 1.0 4.0 1.0 2.0 3.0 2.0 2.0 2.0      24 6 6 6 1.0 3.0 2.0 2.33 1.33 2.33 2.0 2.0 2.0      X

% Real Sociedad B - CD Izarra, 2019-01-06, Segunda B:: group II, 370154
23 6 5 7 2.0 1.0 3.0 2.0 1.0 3.0 2.0 2.0 2.0      20 4 8 6 1.0 4.0 1.0 0.33 2.33 3.33 2.0 2.0 2.0      1

% SD Gernika Club - Barakaldo CF, 2019-01-06, Segunda B:: group II, 370156
16 3 7 8 2.0 1.0 3.0 1.33 3.33 1.33 2.0 2.0 2.0      34 10 4 4 2.0 2.0 2.0 3.33 0.33 2.33 2.0 2.0 2.0      2

% Barcelona B - CD Castellon, 2019-01-06, Segunda B:: group III, 370160
28 7 7 4 2.0 3.0 1.0 1.6600000000000001 3.66 0.66 2.0 2.0 2.0      16 2 10 6 2.0 1.0 3.0 0.33 2.33 3.33 2.0 2.0 2.0      X

% CD Atletico Baleares - Hercules CF, 2019-01-06, Segunda B:: group III, 370161
31 9 4 5 3.0 1.0 2.0 5.33 0.33 0.33 2.0 2.0 2.0      32 9 5 4 2.0 2.0 2.0 1.33 2.33 2.33 2.0 2.0 2.0      1

% CE Sabadell - UE Olot, 2019-01-06, Segunda B:: group III, 370164
25 7 4 7 2.0 1.0 3.0 3.33 1.33 1.33 2.0 2.0 2.0      26 6 8 4 2.0 4.0 0.0 1.0 3.0 2.0 2.0 2.0 2.0      X

% Ontinyent CF - Club Lleida Esportiu, 2019-01-06, Segunda B:: group III, 370168
18 4 6 8 0.0 2.0 4.0 0.33 2.33 3.33 2.0 2.0 2.0      36 10 6 2 4.0 1.0 1.0 1.6600000000000001 2.66 1.6600000000000001 2.0 2.0 2.0      X

% CD El Ejido 2012 - Atletico Malagueno, 2019-01-06, Segunda B:: group IV, 370171
23 7 2 9 3.0 1.0 2.0 2.33 1.33 2.33 2.0 2.0 2.0      9 2 3 13 2.0 2.0 2.0 1.33 0.33 4.33 2.0 2.0 2.0      X

% CF Talavera de La Reina - Ucam Murcia CF, 2019-01-06, Segunda B:: group IV, 370173
22 6 4 8 0.0 2.0 4.0 0.33 3.33 2.33 2.0 2.0 2.0      37 12 1 5 3.0 0.0 3.0 1.0 1.0 4.0 2.0 2.0 2.0      X

% UD Ibiza Eivissa - UD Melilla, 2019-01-06, Segunda B:: group IV, 370179
25 7 4 7 2.0 2.0 2.0 3.33 1.33 1.33 2.0 2.0 2.0      37 11 4 3 3.0 1.0 2.0 3.0 1.0 2.0 2.0 2.0 2.0      1

% FC Ashdod - Hapoel Raanana FC, 2019-01-06, Ligat HaAl, 371769
13 3 4 9 1.0 1.0 4.0 1.33 2.33 2.33 1.66 2.66 1.66      18 4 6 6 2.0 2.0 2.0 0.66 3.66 1.6600000000000001 1.66 2.66 1.66      X

% Bnei Yehuda Tel Aviv FC - Hapoel Beer Sheva FC, 2019-01-06, Ligat HaAl, 371770
26 7 5 4 2.0 1.0 3.0 2.33 1.33 2.33 1.66 2.66 1.66      25 6 7 3 2.0 3.0 1.0 1.6600000000000001 1.6600000000000001 2.66 1.66 2.66 1.66      1

% Lusitania FC - SC Espinho, 2019-01-06, Camp. Nac:: grp B, 372204
27 7 6 2 2.66 2.66 0.66 3.33 1.33 1.33 2.0 2.0 2.0      24 6 6 3 2.0 2.0 2.0 2.33 1.33 2.33 2.0 2.0 2.0      X

% FC Pedras Rubras - Lusitano FCV, 2019-01-06, Camp. Nac:: grp B, 373925
15 3 6 6 1.0 1.0 4.0 0.33 2.33 3.33 2.0 2.0 2.0      27 8 3 4 3.66 1.6600000000000001 0.66 2.33 2.33 1.33 2.0 2.0 2.0      X

% Coimbroes - Penalva Castelo, 2019-01-06, Camp. Nac:: grp B, 373926
17 4 5 5 3.0 2.0 1.0 4.33 1.33 0.33 2.0 2.0 2.0      19 6 1 8 0.33 0.33 5.33 1.0 1.0 4.0 2.0 2.0 2.0      1

% Uniao da Madeira - SPG Meda, 2019-01-06, Camp. Nac:: grp B, 373927
23 7 2 6 0.0 2.0 4.0 1.0 2.0 3.0 2.0 2.0 2.0      0 0 0 15 0.66 0.66 4.66 1.33 1.33 3.33 2.0 2.0 2.0      1

% Santa Iria - Benfica Castelo Branco, 2019-01-06, Camp. Nac:: grp C, 373944
16 4 4 7 1.0 2.0 3.0 2.0 2.0 2.0 2.0 2.0 2.0      31 9 4 2 3.0 2.0 1.0 1.33 2.33 2.33 2.0 2.0 2.0      2

% Leixoes - Sporting Covilha, 2019-01-06, Segunda Liga, 373985
15 4 3 7 2.0 0.0 4.0 2.0 1.0 3.0 2.0 2.0 2.0      13 3 4 8 1.0 2.0 3.0 1.6600000000000001 0.66 3.66 2.0 2.0 2.0      1

% Oliveirense - Penafiel, 2019-01-06, Segunda Liga, 373986
12 2 6 7 0.0 2.0 4.0 1.33 2.33 2.33 2.33 2.33 1.33      23 7 2 5 4.0 0.0 2.0 2.66 0.66 2.66 1.33 2.33 2.33      1

% Aiginiakos FC - Volos Nps, 2019-01-06, B Ethniki, 376571

% Apollon Pontou - Pao Aittitos Spata FC, 2019-01-06, B Ethniki, 376572

% Doxa Dramas - AE Karaiskakis, 2019-01-06, B Ethniki, 376573

% Ergotelis - Apollon Larissa FC, 2019-01-06, B Ethniki, 376574
% >376574 17 5 2 4 1.0 1.0 4.0 2.66 0.66 2.66 1.66 1.66 2.66      23 7 2 2 3.0 2.0 1.0 4.0 1.0 1.0 2.66 1.66 1.66      ?

% Dunbeholden Fc - Uwi FC, 2019-01-06, Premier League, 377896
13 3 4 11 1.0 2.0 3.0 1.6600000000000001 2.66 1.6600000000000001 1.66 1.66 2.66      24 7 3 9 2.0 1.0 3.0 0.66 2.66 2.66 2.66 1.66 1.66      2

% Humble Lions FC - Montego Bay United, 2019-01-06, Premier League, 377897
21 4 9 5 0.0 4.0 2.0 1.6600000000000001 3.66 0.66 1.66 2.66 1.66      16 3 7 8 1.0 2.0 3.0 0.33 1.33 4.33 1.66 2.66 1.66      1

% Portmore United FC - Mount Pleasant Fc, 2019-01-06, Premier League, 377898
33 9 6 3 2.0 3.0 1.0 2.33 2.33 1.33 2.0 2.0 2.0      27 7 6 5 1.0 4.0 1.0 1.33 4.33 0.33 2.0 2.0 2.0      1

% Vihiga United - MT Kenya United, 2019-01-06, Premier League, 377900
5 1 2 2 1.0 3.0 2.0 1.6600000000000001 2.66 1.6600000000000001 2.0 2.0 2.0      1 0 1 4 0.66 1.6600000000000001 3.66 1.33 1.33 3.33 2.0 2.0 2.0      X

% KCB - Kariobangi Sharks, 2019-01-06, Premier League, 377901
1 0 1 4 0.33 1.33 4.33 1.33 2.33 2.33 2.0 2.0 2.0      9 2 3 0 2.0 4.0 0.0 1.0 4.0 1.0 2.0 2.0 2.0      X

% Bandari - SoNy Sugar, 2019-01-06, Premier League, 377902
9 2 3 0 2.0 3.0 1.0 2.66 2.66 0.66 2.0 2.0 2.0      10 3 1 1 5.0 0.0 1.0 2.33 1.33 2.33 2.0 2.0 2.0      1

% Chemelil Sugar - Western Stima, 2019-01-06, Premier League, 377903
4 1 1 3 2.0 2.0 2.0 4.33 1.33 0.33 2.0 2.0 2.0      11 3 2 0 2.33 3.33 0.33 1.66 2.66 1.66 2.0 2.0 2.0      2

% Mathare United - Gor Mahia, 2019-01-06, Premier League, 377904
13 4 1 0 3.0 3.0 0.0 3.33 2.33 0.33 1.66 2.66 1.66      6 2 0 2 2.0 1.0 3.0 1.0 1.0 4.0 1.66 2.66 1.66      X

% Ulinzi Stars - Zoo FC, 2019-01-06, Premier League, 377906
5 1 2 2 2.0 3.0 1.0 4.33 1.33 0.33 1.66 1.66 2.66      4 1 1 3 2.0 2.0 2.0 1.6600000000000001 1.6600000000000001 2.66 2.66 1.66 1.66      X

% Kakamega Homeboyz - Posta Rangers, 2019-01-06, Premier League, 377907
7 2 1 2 1.0 2.0 3.0 3.33 2.33 0.33 1.66 2.66 1.66      3 1 0 3 1.0 1.0 4.0 1.6600000000000001 1.6600000000000001 2.66 1.66 2.66 1.66      2

% AFC Leopards - Nzoia Sugar FC, 2019-01-06, Premier League, 377908
6 1 3 1 1.0 2.0 3.0 1.6600000000000001 1.6600000000000001 2.66 1.66 1.66 2.66      8 2 2 1 2.0 2.0 2.0 1.6600000000000001 2.66 1.6600000000000001 2.66 1.66 1.66      X

% FC Chambly Oise - Avranches, 2019-01-06, National, 378061
29 8 5 2 3.0 1.0 2.0 4.0 1.0 1.0 2.0 2.0 2.0      18 4 6 5 2.0 1.0 3.0 1.6600000000000001 0.66 3.66 2.0 2.0 2.0      1

% Getafe - Barcelona, 2019-01-06, Liga BBVA, 378093
25 6 7 4 2.0 3.0 1.0 2.66 0.66 2.66 0.66 1.6600000000000001 3.66      37 11 4 2 4.33 1.33 0.33 3.0 2.0 1.0 3.66 1.6600000000000001 0.66      2

% Feirense - Santa Clara, 2019-01-06, Primeira Liga, 378095
11 2 5 8 0.0 2.0 4.0 1.0 2.0 3.0 2.33 2.33 1.33      20 6 2 7 2.0 0.0 4.0 3.66 0.66 1.6600000000000001 1.33 2.33 2.33      X

% Benfica - Rio Ave, 2019-01-06, Primeira Liga, 378098
32 10 2 3 4.33 0.33 1.33 3.33 1.33 1.33 5.0 1.0 0.0      19 5 4 6 0.0 2.0 4.0 1.33 1.33 3.33 0.0 1.0 5.0      1

% Arouca - Farense, 2019-01-06, Segunda Liga, 378103
12 3 3 8 0.0 2.0 4.0 1.0 2.0 3.0 2.0 2.0 2.0      22 6 4 5 2.0 2.0 2.0 2.66 1.6600000000000001 1.6600000000000001 2.0 2.0 2.0      X

% Aris Limassol - PAEEK, 2019-01-06, 2nd League, 378339
24 7 3 3 3.0 2.0 1.0 4.0 1.0 1.0 2.0 2.0 2.0      12 3 3 7 1.0 2.0 3.0 1.33 1.33 3.33 2.0 2.0 2.0      1

% ES Djerba - Zarzis, 2019-01-06, L-II:: grp A, 378347
17 5 2 4 2.0 3.0 1.0 3.0 2.0 1.0 2.0 2.0 2.0      23 7 2 2 3.0 2.0 1.0 1.0 3.0 2.0 2.0 2.0 2.0      X

% CF Lobos Buap - Santos, 2019-01-06, Clausura, 378394
0 0 0 0 2.0 2.0 2.0 2.0 2.0 2.0 2.0 2.0 2.0      0 0 0 0 2.0 2.0 2.0 2.0 2.0 2.0 2.0 2.0 2.0      1

% Alebrijes de Oaxaca FC - FC Juarez, 2019-01-06, Liga De Ascenso Clausura, 378423
0 0 0 0 2.0 2.0 2.0 2.0 2.0 2.0 2.66 1.66 1.66      0 0 0 0 2.0 2.0 2.0 2.0 2.0 2.0 1.66 1.66 2.66      1
