% Насионал Мадейра - Витория Гимараеш 02.01.19 Pt1
4.0 4.0 6.0 3.0 2.0 1.0 2.0 1.0 3.0 2.0 3.0 1.0     7.0 4.0 3.0 4.0 2.0 0.0 3.0 2.0 1.0     1

% Боависта - Витория Сетубал 02.01.19 Pt1
3.0 4.0 7.0 1.0 3.0 2.0 2.0 1.0 3.0 4.0 2.0 0.0     5.0 2.0 7.0 2.0 0.0 4.0 2.0 2.0 2.0     1

% Спортинг Брага - Маритимо 02.01.19 Pt1
9.0 3.0 2.0 4.0 0.0 2.0 5.0 1.0 0.0 3.0 1.0 2.0     3.0 2.0 9.0 0.0 1.0 5.0 1.0 1.0 4.0     1

% Борнeмут - Уотфорд 02.01.19 PR
8.0 2.0 10.0 1.0 0.0 5.0 3.0 0.0 3.0 1.0 4.0 1.0     8.0 4.0 8.0 2.0 2.0 2.0 2.0 2.0 2.0     X

% Челси - Саутхямптън 02.01.19 PR
13.0 4.0 3.0 4.0 1.0 1.0 4.0 1.0 1.0 6.0 0.0 0.0     3.0 6.0 11.0 2.0 0.0 4.0 1.0 1.0 4.0     X

% Хъдърсфийлд Таун - Бърнли 02.01.19 PR
2.0 4.0 14.0 0.0 0.0 6.0 1.0 1.0 4.0 0.0 3.0 3.0     4.0 3.0 13.0 2.0 0.0 4.0 0.0 1.0 5.0     2

% Уест Хям - Брайтън 02.01.19 PR
8.0 3.0 9.0 4.0 0.0 2.0 3.0 0.0 3.0 3.0 0.0 3.0     7.0 4.0 9.0 2.0 1.0 3.0 2.0 0.0 4.0     X

% Уулвърхямптън - Кристъл Палас 02.01.19 PR
8.0 5.0 7.0 4.0 1.0 1.0 2.0 0.0 4.0 2.0 1.0 3.0     5.0 4.0 11.0 2.0 1.0 3.0 1.0 1.0 4.0     2

% Нюкясъл - Манчестър Юнайтед 02.01.19 PR
4.0 6.0 10.0 1.0 3.0 2.0 2.0 1.0 3.0 1.0 2.0 3.0     10.0 5.0 5.0 4.0 0.0 2.0 2.0 1.0 3.0     2

% Манчестър Сити - Ливърпул 03.01.19 PR
15.0 2.0 3.0 3.0 1.0 2.0 5.0 0.0 1.0 1.0 2.0 3.0     17.0 3.0 0.0 6.0 0.0 0.0 4.0 0.0 2.0     1

% Рио Аве - Морейрензе 02.01.19 Pt1
5.0 4.0 5.0 0.0 2.0 4.0 3.0 2.0 1.0 3.0 1.0 2.0     7.0 1.0 6.0 4.0 0.0 2.0 2.0 0.0 4.0     2

% Шавеш - Фейрензе 03.01.19 Pt1
2.0 1.0 11.0 0.0 0.0 6.0 1.0 1.0 4.0 2.0 2.0 2.0     2.0 4.0 8.0 0.0 1.0 5.0 0.0 0.0 6.0     X

% Спортинг Лисабон - Беленензеш 03.01.19 Pt1
10.0 1.0 3.0 5.0 0.0 1.0 5.0 0.0 1.0 5.0 0.0 1.0     5.0 7.0 2.0 3.0 3.0 0.0 1.0 5.0 0.0     1

% Авеш - Порто 03.01.19 Pt1
3.0 2.0 9.0 2.0 1.0 3.0 2.0 1.0 3.0 0.0 1.0 5.0     12.0 0.0 2.0 6.0 0.0 0.0 5.0 0.0 1.0     2

% Виляреал - Реал Мадрид 03.01.19 Es1
3.0 6.0 7.0 2.0 2.0 2.0 4.0 1.0 1.0 2.0 2.0 2.0     9.0 2.0 5.0 5.0 0.0 1.0 5.0 0.0 1.0     X

% Леванте - Джирона 04.01.19 Es1
6.0 4.0 7.0 2.0 2.0 2.0 4.0 0.0 2.0 2.0 2.0 2.0     5.0 7.0 5.0 2.0 2.0 2.0 2.0 2.0 2.0     X

% Валядолид - Райо Валекано 05.01.19 Es1
5.0 6.0 6.0 2.0 1.0 3.0 2.0 2.0 2.0 1.0 3.0 2.0     3.0 4.0 10.0 2.0 0.0 4.0 0.0 1.0 5.0     2

% Чарлтън - Съндърланд 05.01.19 L1
14.0 4.0 8.0 4.0 0.0 2.0 5.0 0.0 1.0 3.0 2.0 1.0     14.0 8.0 2.0 3.0 1.0 2.0 3.0 2.0 1.0     X

% Рочдейл - Бъртън Албион 05.01.19 L1
8.0 6.0 12.0 2.0 1.0 3.0 3.0 0.0 3.0 2.0 1.0 3.0     9.0 5.0 11.0 2.0 2.0 2.0 1.0 1.0 4.0     2

% Скънторп Юнайтед - Ковънтри 05.01.19 L1
7.0 6.0 13.0 2.0 0.0 4.0 2.0 1.0 3.0 5.0 1.0 0.0     11.0 5.0 10.0 3.0 0.0 3.0 1.0 0.0 5.0     1

% Тенерифе - Елче 04.01.19 Es2
3.0 10.0 6.0 1.0 3.0 2.0 2.0 4.0 0.0 2.0 2.0 2.0     4.0 9.0 6.0 1.0 3.0 2.0 1.0 2.0 3.0     1

% Кембридж Юн - Стивънидж Боро 05.01.19 L2
6.0 5.0 15.0 1.0 1.0 4.0 3.0 2.0 1.0 4.0 1.0 1.0     11.0 5.0 10.0 2.0 1.0 3.0 1.0 1.0 4.0     1

% Колчестър Юн. - Нотс Каунти 05.01.19 L2
12.0 6.0 8.0 2.0 1.0 3.0 3.0 2.0 1.0 1.0 1.0 4.0     4.0 8.0 14.0 1.0 1.0 4.0 0.0 2.0 4.0     X

% Кроули Таун - Челтнъм 05.01.19 L2
9.0 3.0 13.0 1.0 1.0 4.0 2.0 1.0 3.0 1.0 1.0 4.0     7.0 8.0 10.0 3.0 3.0 0.0 2.0 2.0 2.0     1

% Макълсфийлд Таун - Суиндън Таун 05.01.19 L2
5.0 6.0 15.0 2.0 2.0 2.0 2.0 2.0 2.0 3.0 0.0 3.0     8.0 9.0 9.0 1.0 3.0 2.0 2.0 2.0 2.0     2

% Sporting CP - FC Porto, 2019-01-12, Primeira Liga, 372163
11.0 1.0 4.0 4.0 0.0 2.0 4.0 1.0 1.0 2.0 1.0 3.0     14.0 0.0 2.0 6.0 0.0 0.0 4.0 1.0 1.0     X

% Leganes - SD Huesca, 2019-01-12, Liga BBVA, 378438
4.0 7.0 7.0 1.0 3.0 2.0 2.0 3.0 1.0 2.0 2.0 2.0     2.0 5.0 11.0 1.0 2.0 3.0 1.0 1.0 4.0     1

% Gillingham - Walsall, 2019-01-19, League 1, 373173
9.0 4.0 14.0 2.0 1.0 3.0 2.0 2.0 2.0 2.0 2.0 2.0     8.0 8.0 11.0 0.0 2.0 4.0 1.0 2.0 3.0     2

% Rochdale - Fleetwood Town, 2019-01-19, League 1, 373177
8.0 6.0 14.0 2.0 0.0 4.0 2.0 1.0 3.0 2.0 3.0 1.0     9.0 8.0 10.0 2.0 2.0 2.0 1.0 2.0 3.0     X

% Nimes - Toulouse, 2019-01-19, Ligue 1, 373338
6.0 5.0 7.0 4.0 0.0 2.0 2.0 2.0 2.0 2.0 2.0 2.0     5.0 6.0 8.0 4.0 0.0 2.0 3.0 1.0 2.0     2

% Reims - Nice, 2019-01-19, Ligue 1, 373341
6.0 9.0 5.0 2.0 2.0 2.0 3.0 2.0 1.0 2.0 2.0 2.0     8.0 5.0 6.0 3.0 2.0 1.0 2.0 2.0 2.0     X

% Schalke 04 - Wolfsburg, 2019-01-20, Bundesliga, 373396
5.0 3.0 9.0 2.0 2.0 2.0 2.0 1.0 3.0 4.0 1.0 1.0     8.0 4.0 5.0 3.0 1.0 2.0 3.0 1.0 2.0     1
