% Scunthorpe United - Sunderland, 2019-01-19, League 1, 373178
33 9 6 13 3.0 0.0 3.0 1.6600000000000001 0.66 3.66 1.33 2.33 2.33     52 14 10 2 3.0 2.0 1.0 2.33 1.33 2.33 33.2 33.2 33.1     X

% Lincoln City - Grimsby Town, 2019-01-19, League 2, 373179
52 15 7 4 3.0 2.0 1.0 3.0 2.0 1.0 2.33 2.33 1.33     34 10 4 13 4.0 0.0 2.0 3.0 1.0 2.0 33.1 33.2 33.2     1

% Cambridge United - Northampton Town, 2019-01-19, League 2, 373180
% >373180 29 8 5 15 2.0 1.0 3.0 1.6600000000000001 2.66 1.6600000000000001 2.0 3.0 1.0     33 7 12 8 1.0 4.0 1.0 1.6600000000000001 1.6600000000000001 2.66 0.1 0.3 0.2     ?

% Carlisle United - Cheltenham Town, 2019-01-19, League 2, 373181
% >373181 45 14 3 11 5.0 0.0 1.0 3.66 0.66 1.6600000000000001 3.66 0.66 1.6600000000000001     29 7 8 12 2.0 3.0 1.0 1.6600000000000001 2.66 1.6600000000000001 1000000000000066.1 66.0 66.3     ?

% Colchester United - Mansfield Town, 2019-01-19, League 2, 373182
% >373182 46 13 7 8 2.0 1.0 3.0 1.6600000000000001 2.66 1.6600000000000001 2.33 3.33 0.33     45 11 12 3 4.0 1.0 1.0 3.0 2.0 1.0 33.0 33.3 33.2     ?

% Crawley Town - Port Vale, 2019-01-19, League 2, 373183
% >373183 33 10 3 14 1.0 1.0 4.0 2.66 0.66 2.66 2.0 1.0 3.0     29 7 8 12 0.0 3.0 3.0 1.6600000000000001 3.66 0.66 0.3 0.1 0.2     ?

% Forest Green Rovers - Bury, 2019-01-19, League 2, 373184
% >373184 44 11 11 4 4.0 2.0 0.0 2.66 0.66 2.66 1.66 2.66 1.66     49 14 7 7 3.0 1.0 2.0 1.0 2.0 3.0 66.1 66.2 66.1     ?

% Macclesfield Town - Oldham Athletic, 2019-01-19, League 2, 373185
% >373185 24 6 6 16 3.0 2.0 1.0 2.66 2.66 0.66 1.66 1.66 2.66     39 10 9 8 3.0 1.0 2.0 3.0 1.0 2.0 66.2 66.1 66.1     ?

% Milton Keynes Dons - Crewe Alexandra, 2019-01-19, League 2, 373186
% >373186 47 13 8 5 2.0 1.0 3.0 4.33 0.33 1.33 1.66 2.66 1.66     35 10 5 13 3.0 0.0 3.0 0.66 0.66 4.66 66.1 66.2 66.1     ?

% Morecambe - Stevenage, 2019-01-19, League 2, 373187
28 7 7 14 1.0 2.0 3.0 1.6600000000000001 2.66 1.6600000000000001 1.0 1.0 4.0     41 12 5 11 3.0 1.0 2.0 1.33 1.33 3.33 0.4 0.1 0.1     2

% Newport County - Exeter City, 2019-01-19, League 2, 373188
% >373188 36 10 6 10 0.0 1.0 5.0 2.0 2.0 2.0 2.0 2.0 2.0     44 12 8 7 4.0 1.0 1.0 2.66 1.6600000000000001 1.6600000000000001 0.2 0.2 0.2     ?

% Tranmere Rovers - Swindon Town, 2019-01-19, League 2, 373189
% >373189 42 11 9 7 2.0 2.0 2.0 3.0 2.0 1.0 1.66 1.66 2.66     37 9 10 9 0.0 4.0 2.0 1.6600000000000001 2.66 1.6600000000000001 66.2 66.1 66.1     ?

% Yeovil Town - Notts County, 2019-01-19, League 2, 373190
% >373190 27 6 9 11 1.0 3.0 2.0 0.66 1.6600000000000001 3.66 3.0 2.0 1.0     21 4 9 15 1.0 1.0 4.0 0.66 1.6600000000000001 3.66 0.1 0.2 0.3     ?

% Monaco - Strasbourg, 2019-01-19, Ligue 1, 373332
% >373332 13 3 4 11 1.33 1.33 3.33 1.0 2.0 3.0 3.0 1.0 2.0     29 7 8 5 2.0 3.0 1.0 1.6600000000000001 2.66 1.6600000000000001 0.2 0.1 0.3     ?

% Angers - Nantes, 2019-01-19, Ligue 1, 373334
% >373334 20 4 8 6 0.0 4.0 2.0 0.33 3.33 2.33 0.0 2.0 4.0     23 6 5 8 3.0 1.0 2.0 2.33 1.33 2.33 0.4 0.2 0.0     ?

% Bordeaux - Dijon, 2019-01-19, Ligue 1, 373335
% >373335 22 5 7 6 1.6600000000000001 2.66 1.6600000000000001 2.33 2.33 1.33 3.0 2.0 1.0     17 4 5 10 1.0 2.0 3.0 1.0 2.0 3.0 0.1 0.2 0.3     ?

% Nimes - Toulouse, 2019-01-19, Ligue 1, 373338
% >373338 23 6 5 7 4.0 0.0 2.0 2.0 2.0 2.0 2.0 2.0 2.0     21 5 6 8 4.0 0.0 2.0 3.0 1.0 2.0 0.2 0.2 0.2     ?

% Paris Saint-Germain - Guingamp, 2019-01-19, Ligue 1, 373339
% >373339 50 16 2 0 4.33 1.33 0.33 4.0 1.0 1.0 1.66 1.66 2.66     11 2 5 12 1.0 1.0 4.0 1.6600000000000001 0.66 3.66 66.2 66.1 66.1     ?

% Reims - Nice, 2019-01-19, Ligue 1, 373341
% >373341 27 6 9 5 2.0 2.0 2.0 3.0 2.0 1.0 2.0 2.0 2.0     29 8 5 6 3.0 2.0 1.0 2.0 2.0 2.0 0.2 0.2 0.2     ?

% Bayer Leverkusen - Borussia Mönchengladbach, 2019-01-19, Bundesliga, 373389
% >373389 24 7 3 7 4.0 1.0 1.0 4.0 1.0 1.0 2.66 1.66 1.66     33 10 3 4 3.0 1.0 2.0 1.0 2.0 3.0 66.1 66.1 66.2     ?

% Eintracht Frankfurt - Freiburg, 2019-01-19, Bundesliga, 373390
% >373390 27 8 3 6 2.0 1.0 3.0 2.0 1.0 3.0 1.33 2.33 2.33     21 5 6 6 2.0 2.0 2.0 1.6600000000000001 1.6600000000000001 2.66 33.2 33.2 33.1     ?

% Augsburg - Fortuna Düsseldorf, 2019-01-19, Bundesliga, 373391
% >373391 15 3 6 8 1.0 2.0 3.0 1.33 3.33 1.33 2.0 2.0 2.0     18 5 3 9 2.0 1.0 3.0 1.6600000000000001 1.6600000000000001 2.66 0.2 0.2 0.2     ?

% Hannover 96 - Werder Bremen, 2019-01-19, Bundesliga, 373392
% >373392 11 2 5 10 0.0 2.0 4.0 1.6600000000000001 0.66 3.66 2.33 1.33 2.33     22 6 4 7 1.0 2.0 3.0 0.66 1.6600000000000001 3.66 33.2 33.1 33.2     ?

% VfB Stuttgart - Mainz 05, 2019-01-19, Bundesliga, 373393
% >373393 14 4 2 11 3.0 0.0 3.0 2.66 0.66 2.66 1.0 1.0 4.0     21 5 6 6 2.0 2.0 2.0 2.33 1.33 2.33 0.4 0.1 0.1     ?

% RasenBallsport Leipzig - Borussia Dortmund, 2019-01-19, Bundesliga, 373394
% >373394 31 9 4 4 3.0 0.0 3.0 4.0 1.0 1.0 1.6600000000000001 1.6600000000000001 2.66     42 13 3 1 5.33 0.33 0.33 3.33 1.33 1.33 66.2 1000000000000066.1 1000000000000066.1     ?

% Carpi - Foggia, 2019-01-19, Serie B, 373633
% >373633 17 4 5 9 3.0 1.0 2.0 1.6600000000000001 1.6600000000000001 2.66 1.0 1.0 4.0     13 5 6 7 1.0 3.0 2.0 0.33 2.33 3.33 0.4 0.1 0.1     ?

% Crotone - Cittadella, 2019-01-19, Serie B, 373635
% >373635 13 3 4 11 0.0 1.0 5.0 0.33 3.33 2.33 1.66 1.66 2.66     26 6 8 4 1.0 3.0 2.0 0.33 4.33 1.33 66.2 66.1 66.1     ?

% Perugia - Brescia, 2019-01-19, Serie B, 373636
% >373636 26 7 5 6 2.0 2.0 2.0 4.33 1.33 0.33 3.0 2.0 1.0     32 8 8 2 3.0 2.0 1.0 1.0 4.0 1.0 0.1 0.2 0.3     ?

% Spezia - Venezia, 2019-01-19, Serie B, 373638
% >373638 26 7 5 6 2.0 3.0 1.0 2.33 2.33 1.33 1.0 3.0 2.0     21 5 6 7 2.0 3.0 1.0 1.0 3.0 2.0 0.2 0.3 0.1     ?

% Lecce - Benevento, 2019-01-19, Serie B, 373639
% >373639 30 8 6 4 2.0 2.0 2.0 2.66 1.6600000000000001 1.6600000000000001 2.33 1.33 2.33     29 8 5 5 2.0 3.0 1.0 2.0 3.0 1.0 33.2 33.1 33.2     ?

% Boavista - Portimonense, 2019-01-19, Primeira Liga, 373968
% >373968 16 4 4 9 2.0 1.0 3.0 2.33 1.33 2.33 3.0 1.0 2.0     24 7 3 7 3.0 1.0 2.0 2.66 0.66 2.66 0.2 0.1 0.3     ?

% Belenenses - Tondela, 2019-01-19, Primeira Liga, 373972
% >373972 28 7 7 3 4.0 1.0 1.0 4.0 1.0 1.0 1.0 3.0 2.0     18 5 3 9 3.0 0.0 3.0 2.33 0.33 3.33 0.2 0.3 0.1     ?

% Sporting CP - Moreirense, 2019-01-19, Primeira Liga, 373975
% >373975 35 11 2 4 3.0 1.0 2.0 3.66 1.6600000000000001 0.66 5.0 1.0 0.0     28 9 1 7 4.0 0.0 2.0 3.33 0.33 2.33 0.0 0.1 0.5     ?

% CD Cova da Piedade - Vitoria de Guimaraes B, 2019-01-19, Segunda Liga, 373991
% >373991 17 4 5 8 2.0 0.0 4.0 2.0 1.0 3.0 2.0 2.0 2.0     20 5 5 7 2.0 1.0 3.0 0.66 2.66 2.66 0.2 0.2 0.2     ?

% Famalicao - Farense, 2019-01-19, Segunda Liga, 373994
% >373994 34 10 4 2 4.0 2.0 0.0 1.6600000000000001 3.66 0.66 2.0 2.0 2.0     23 6 5 6 2.0 1.0 3.0 2.0 2.0 2.0 0.2 0.2 0.2     ?

% FC Porto B - Estoril, 2019-01-19, Segunda Liga, 373995
% >373995 24 7 3 7 5.0 1.0 0.0 4.33 1.33 0.33 1.66 1.66 2.66     30 9 3 4 3.0 1.0 2.0 2.66 1.6600000000000001 1.6600000000000001 66.2 66.1 66.1     ?

% Braga B - Pacos de Ferreira, 2019-01-19, Segunda Liga, 373997
% >373997 16 5 1 11 2.0 0.0 4.0 2.33 0.33 3.33 1.66 1.66 2.66     40 13 1 3 5.0 0.0 1.0 4.66 0.66 0.66 66.2 66.1 66.1     ?

% Roma - Torino, 2019-01-19, Serie A, 379180
% >379180 30 8 6 5 3.0 2.0 1.0 3.0 2.0 1.0 5.0 0.0 1.0     27 6 9 4 2.0 3.0 1.0 1.33 4.33 0.33 0.1 0.0 0.5     ?

% Udinese - Parma, 2019-01-19, Serie A, 379181
% >379181 18 4 6 9 1.0 3.0 2.0 2.33 1.33 2.33 2.0 2.0 2.0     25 7 4 8 1.0 2.0 3.0 1.6600000000000001 0.66 3.66 0.2 0.2 0.2     ?

% Inter - Sassuolo, 2019-01-19, Serie A, 379182
% >379182 39 12 3 4 3.0 2.0 1.0 4.0 1.0 1.0 1.0 0.0 5.0     25 6 7 6 1.0 3.0 2.0 2.66 1.6600000000000001 1.6600000000000001 0.5 0.0 0.1     ?

% Real Madrid - Sevilla, 2019-01-19, Liga BBVA, 379185
% >379185 30 9 3 6 3.33 1.33 1.33 2.66 1.66 1.66 2.0 1.0 3.0     33 9 6 4 1.33 3.33 1.33 0.66 3.66 1.6600000000000001 0.3 0.1 0.2     ?

% SD Huesca - Atletico Madrid, 2019-01-19, Liga BBVA, 379186
% >379186 11 2 5 12 1.0 2.0 3.0 1.33 3.33 1.33 1.66 1.66 2.66     38 10 8 1 4.0 2.0 0.0 2.33 2.33 1.33 66.2 66.1 66.1     ?

% Celta Vigo - Valencia, 2019-01-19, Liga BBVA, 379187
% >379187 21 5 6 8 0.0 1.0 5.0 1.6600000000000001 1.6600000000000001 2.66 3.0 1.0 2.0     23 4 11 4 1.6600000000000001 2.66 1.6600000000000001 1.33 2.33 2.33 0.2 0.1 0.3     ?

% Almeria - Cadiz, 2019-01-19, Liga Adelante, 379188
% >379188 29 7 8 6 0.0 5.0 1.0 2.0 3.0 1.0 0.33 1.33 4.33     33 9 6 6 4.0 1.0 1.0 3.0 1.0 2.0 33.4 33.1 33.0     ?

% Numancia - Cordoba, 2019-01-19, Liga Adelante, 379189
% >379189 23 5 8 8 1.0 2.0 3.0 2.33 0.33 3.33 1.0 5.0 0.0     18 3 9 9 1.0 3.0 2.0 0.33 3.33 2.33 0.0 0.5 0.1     ?

% Rayo Majadahonda - Real Zaragoza, 2019-01-19, Liga Adelante, 379190
% >379190 22 6 4 11 0.0 3.0 3.0 1.6600000000000001 2.66 1.6600000000000001 1.66 1.66 2.66     22 5 7 9 2.0 1.0 3.0 2.33 0.33 3.33 66.2 66.1 66.1     ?

% Malaga - Lugo, 2019-01-19, Liga Adelante, 379191
% >379191 39 12 3 6 3.0 2.0 1.0 4.66 0.66 0.66 2.66 1.66 1.66     23 5 8 8 2.0 3.0 1.0 0.66 2.66 2.66 66.1 66.1 66.2     ?

% Reus - Las Palmas, 2019-01-19, Liga Adelante, 379192
% >379192 21 5 6 10 1.0 2.0 3.0 1.0 3.0 2.0 1.66 1.66 2.66     28 6 10 5 1.0 3.0 2.0 0.66 1.6600000000000001 3.66 66.2 66.1 66.1     ?

% Lens - Nancy, 2019-01-19, Ligue 2, 379196
% >379196 32 9 5 5 1.0 3.0 2.0 1.6600000000000001 1.6600000000000001 2.66 2.33 2.33 1.33     13 3 4 12 2.0 3.0 1.0 2.0 3.0 1.0 33.1 33.2 33.2     ?

% Niort - Grenoble, 2019-01-19, Ligue 2, 379197
% >379197 32 9 5 6 2.0 3.0 1.0 2.66 1.6600000000000001 1.6600000000000001 1.66 1.66 2.66     32 9 5 6 2.0 2.0 2.0 3.33 1.33 1.33 66.2 66.1 66.1     ?

% Huddersfield Town - Manchester City, 2019-01-20, Premier League, 373153
% >373153 11 2 5 15 0.0 1.0 5.0 0.66 0.66 4.66 0.33 2.33 3.33     50 16 2 3 3.0 0.0 3.0 2.0 1.0 3.0 33.3 33.2 33.0     ?

% Fulham - Tottenham Hotspur, 2019-01-20, Premier League, 373154
% >373154 14 3 5 14 1.0 2.0 3.0 1.6600000000000001 2.66 1.6600000000000001 1.33 1.33 3.33     48 16 0 6 4.0 0.0 2.0 3.33 1.33 1.33 33.3 33.1 33.1     ?

% 1. FC Nürnberg - Hertha BSC, 2019-01-20, Bundesliga, 373395
% >373395 11 2 5 10 0.0 3.0 3.0 1.0 3.0 2.0 2.0 2.0 2.0     24 6 6 5 2.0 2.0 2.0 1.6600000000000001 1.6600000000000001 2.66 0.2 0.2 0.2     ?

% Schalke 04 - Wolfsburg, 2019-01-20, Bundesliga, 373396
% >373396 18 5 3 9 2.0 2.0 2.0 2.0 1.0 3.0 4.0 1.0 1.0     28 8 4 5 3.0 1.0 2.0 3.0 1.0 2.0 0.1 0.1 0.4     ?

% Napoli - Lazio, 2019-01-20, Serie A, 373601
% >373601 44 14 2 3 5.0 0.0 1.0 3.66 1.6600000000000001 0.66 2.0 2.0 2.0     32 9 5 5 2.0 3.0 1.0 2.0 2.0 2.0 0.2 0.2 0.2     ?

% Fiorentina - Sampdoria, 2019-01-20, Serie A, 373602
% >373602 26 6 8 5 2.0 2.0 2.0 1.6600000000000001 1.6600000000000001 2.66 1.0 3.0 2.0     29 8 5 6 4.0 1.0 1.0 1.33 2.33 2.33 0.2 0.3 0.1     ?

% Cagliari - Empoli, 2019-01-20, Serie A, 373604
% >373604 20 4 8 7 1.0 2.0 3.0 2.33 2.33 1.33 2.0 1.0 3.0     16 4 4 11 1.0 1.0 4.0 0.66 1.6600000000000001 3.66 0.3 0.1 0.2     ?

% Frosinone - Atalanta, 2019-01-20, Serie A, 373605
% >373605 10 1 7 11 0.0 3.0 3.0 1.0 3.0 2.0 1.0 2.0 3.0     28 8 4 7 3.0 1.0 2.0 3.33 0.33 2.33 0.3 0.2 0.1     ?

% Genoa - Milan, 2019-01-20, Serie A, 373606
% >373606 20 5 5 9 1.0 2.0 3.0 1.33 4.33 0.33 1.66 1.66 2.66     31 8 7 4 2.0 3.0 1.0 1.0 4.0 1.0 66.2 66.1 66.1     ?

% SPAL - Bologna, 2019-01-20, Serie A, 373609
% >373609 17 4 5 10 0.0 4.0 2.0 0.66 3.66 1.6600000000000001 2.66 1.66 1.66     13 2 7 10 0.0 2.0 4.0 0.66 1.6600000000000001 3.66 66.1 66.1 66.2     ?

% Villarreal - Athletic Bilbao, 2019-01-20, Liga BBVA, 374127
% >374127 17 3 8 8 1.0 3.0 2.0 2.0 2.0 2.0 2.0 2.0 2.0     22 4 10 5 2.0 3.0 1.0 1.6600000000000001 1.6600000000000001 2.66 0.2 0.2 0.2     ?

% Barcelona - Leganes, 2019-01-20, Liga BBVA, 374128
% >374128 43 13 4 2 5.0 1.0 0.0 4.0 1.0 1.0 3.66 0.66 1.6600000000000001     22 5 7 7 2.0 3.0 1.0 1.0 2.0 3.0 1000000000000066.1 66.0 66.3     ?

% Rayo Vallecano - Real Sociedad, 2019-01-20, Liga BBVA, 374130
% >374130 19 5 4 10 3.0 0.0 3.0 2.66 1.6600000000000001 1.6600000000000001 1.6600000000000001 2.66 1.6600000000000001     22 6 4 8 2.0 0.0 4.0 2.0 1.0 3.0 1000000000000066.1 66.2 1000000000000066.1     ?

% Real Betis - Girona, 2019-01-20, Liga BBVA, 374131
% >374131 26 7 5 6 3.0 2.0 1.0 2.66 2.66 0.66 3.0 2.0 1.0     24 5 9 5 1.0 4.0 1.0 2.66 1.6600000000000001 1.6600000000000001 0.1 0.2 0.3     ?

% Eibar - RCD Espanyol, 2019-01-20, Liga BBVA, 374133
% >374133 22 5 7 7 1.0 4.0 1.0 2.0 4.0 0.0 1.66 1.66 2.66     24 7 3 8 3.0 1.0 2.0 1.6600000000000001 2.66 1.6600000000000001 66.2 66.1 66.1     ?

% Levante - Real Valladolid, 2019-01-20, Liga BBVA, 374134
% >374134 23 6 5 8 0.0 2.0 4.0 1.6600000000000001 1.6600000000000001 2.66 1.66 1.66 2.66     22 5 7 7 1.0 2.0 3.0 1.33 2.33 2.33 66.2 66.1 66.1     ?

% Deportivo La Coruna - Albacete, 2019-01-20, Liga Adelante, 374141
% >374141 36 9 9 3 2.0 2.0 2.0 4.66 0.66 0.66 1.66 2.66 1.66     39 10 9 2 4.0 2.0 0.0 3.33 2.33 0.33 66.1 66.2 66.1     ?

% Extremadura - Real Oviedo, 2019-01-20, Liga Adelante, 374142
% >374142 21 5 6 10 3.0 1.0 2.0 2.33 0.33 3.33 1.66 2.66 1.66     30 8 6 7 3.0 2.0 1.0 1.33 1.33 3.33 66.1 66.2 66.1     ?

% Granada - Elche, 2019-01-20, Liga Adelante, 374143
% >374143 40 11 7 3 1.0 4.0 1.0 2.33 2.33 1.33 1.33 2.33 2.33     21 4 9 7 1.0 2.0 3.0 1.6600000000000001 0.66 3.66 33.2 33.2 33.1     ?

% Osasuna - Mallorca, 2019-01-20, Liga Adelante, 374146
% >374146 35 10 5 6 4.0 0.0 2.0 4.66 0.66 0.66 2.0 2.0 2.0     33 9 6 6 4.0 1.0 1.0 1.0 3.0 2.0 0.2 0.2 0.2     ?

% Sporting Gijon - Alcorcon, 2019-01-20, Liga Adelante, 374149
% >374149 27 6 9 6 2.0 3.0 1.0 2.0 2.0 2.0 2.0 3.0 1.0     35 10 5 6 0.0 2.0 4.0 1.6600000000000001 0.66 3.66 0.1 0.3 0.2     ?

% Tenerife - Gimnastic, 2019-01-20, Liga Adelante, 374150
% >374150 22 4 10 7 2.0 2.0 2.0 3.33 2.33 0.33 2.0 2.0 2.0     16 4 4 12 1.0 1.0 4.0 1.0 0.0 5.0 0.2 0.2 0.2     ?

% Padova - Verona, 2019-01-20, Serie B, 379243
% >379243 12 2 6 10 0.0 2.0 4.0 0.33 2.33 3.33 2.0 2.0 2.0     30 8 6 4 3.0 3.0 0.0 1.33 3.33 1.33 0.2 0.2 0.2     ?

% Cosenza - Ascoli, 2019-01-20, Serie B, 379244
% >379244 19 4 7 7 2.0 2.0 2.0 2.33 3.33 0.33 2.0 2.0 2.0     24 6 6 6 2.0 2.0 2.0 1.33 1.33 3.33 0.2 0.2 0.2     ?

% Pescara - Cremonese, 2019-01-20, Serie B, 379245
% >379245 32 9 5 4 4.0 0.0 2.0 4.33 0.33 1.33 1.0 4.0 1.0     22 5 7 6 2.0 1.0 3.0 0.66 1.6600000000000001 3.66 0.1 0.4 0.1     ?

% Rennes - Montpellier, 2019-01-20, Ligue 1, 379246
% >379246 29 8 5 6 5.0 1.0 0.0 3.33 1.33 1.33 3.0 2.0 1.0     31 8 7 4 2.0 3.0 1.0 2.66 1.6600000000000001 1.6600000000000001 0.1 0.2 0.3     ?

% Caen - Marseille, 2019-01-20, Ligue 1, 379247
% >379247 18 3 9 8 1.0 2.0 3.0 1.33 0.33 4.33 0.0 0.0 6.0     27 8 3 6 1.33 1.33 3.33 1.6600000000000001 1.6600000000000001 2.66 0.6 0.0 0.0     ?

% Saint-Etienne - Lyon, 2019-01-20, Ligue 1, 379248
% >379248 33 9 6 4 3.0 1.0 2.0 3.66 1.6600000000000001 0.66 2.0 1.0 3.0     33 9 6 4 1.33 3.33 1.33 1.33 3.33 1.33 0.3 0.1 0.2     ?

% Aves - Vitoria de Setubal, 2019-01-20, Primeira Liga, 379249
% >379249 12 3 3 11 0.0 2.0 4.0 0.66 2.66 2.66 2.0 1.0 3.0     18 5 3 8 2.0 0.0 4.0 2.33 0.33 3.33 0.3 0.1 0.2     ?

% Santa Clara - Maritimo, 2019-01-20, Primeira Liga, 379250
% >379250 21 6 3 8 2.0 1.0 3.0 0.33 0.33 5.33 1.66 1.66 2.66     17 5 2 10 2.0 1.0 3.0 1.6600000000000001 1.6600000000000001 2.66 66.2 66.1 66.1     ?

% Rio Ave - Feirense, 2019-01-20, Primeira Liga, 379251
% >379251 19 5 4 7 0.0 1.0 5.0 0.66 2.66 2.66 2.33 0.33 3.33     13 2 7 8 0.0 4.0 2.0 0.33 2.33 3.33 33.3 33.0 33.2     ?

% Leixoes - Benfica B, 2019-01-20, Segunda Liga, 379252
% >379252 21 6 3 8 2.0 0.0 4.0 3.66 0.66 1.6600000000000001 3.0 1.0 2.0     28 8 4 4 2.0 2.0 2.0 1.33 2.33 2.33 0.2 0.1 0.3     ?

% Academico Viseu - Sporting Covilha, 2019-01-20, Segunda Liga, 379253
% >379253 19 5 4 7 2.0 1.0 3.0 3.33 1.33 1.33 2.0 3.0 1.0     16 4 4 9 2.0 1.0 3.0 1.6600000000000001 0.66 3.66 0.1 0.3 0.2     ?

% Mafra - Varzim, 2019-01-20, Segunda Liga, 379254
% >379254 25 7 4 6 2.0 0.0 4.0 2.33 1.33 2.33 3.0 2.0 1.0     22 6 4 7 3.0 1.0 2.0 2.33 1.33 2.33 0.1 0.2 0.3     ?

% Arouca - Penafiel, 2019-01-20, Segunda Liga, 379255
% >379255 15 3 6 8 0.0 5.0 1.0 0.33 3.33 2.33 2.0 1.0 3.0     26 8 2 7 3.0 0.0 3.0 2.33 0.33 3.33 0.3 0.1 0.2     ?

% Academica - Oliveirense, 2019-01-20, Segunda Liga, 379256
% >379256 27 8 3 6 4.0 1.0 1.0 3.0 0.0 3.0 2.0 2.0 2.0     16 3 7 7 1.0 2.0 3.0 0.66 1.6600000000000001 3.66 0.2 0.2 0.2     ?