% Newcastle Jets - Western Sydney Wanderers FC, 2019-02-02, W League, 376144
% >376144 16 5 1 6 3.0 0.0 3.0 2.33 0.33 3.33 3.0 1.0 2.0     4 1 1 10 1.6600000000000001 0.66 3.66 2.33 1.33 2.33 0.2 0.1 0.3     ?

% Brighton &amp; Hove Albion - Watford, 2019-02-02, Premier League, 376241
% >376241 27 7 6 12 1.0 2.0 3.0 1.6600000000000001 2.66 1.6600000000000001 1.6600000000000001 2.66 1.6600000000000001     34 9 7 9 1.0 4.0 1.0 2.33 2.33 1.33 1000000000000066.1 66.2 1000000000000066.1     ?

% Burnley - Southampton, 2019-02-02, Premier League, 376242
% >376242 24 6 6 13 3.0 3.0 0.0 2.66 1.6600000000000001 1.6600000000000001 2.0 3.0 1.0     24 5 9 11 2.0 3.0 1.0 2.66 2.66 0.66 0.1 0.3 0.2     ?

% Cardiff City - AFC Bournemouth, 2019-02-02, Premier League, 376243
% >376243 22 6 4 15 2.0 1.0 3.0 1.6600000000000001 1.6600000000000001 2.66 2.66 0.66 2.66     33 10 3 12 2.0 1.0 3.0 0.33 0.33 5.33 66.2 66.0 66.2     ?

% Chelsea - Huddersfield Town, 2019-02-02, Premier League, 376244
% >376244 50 15 5 5 3.0 1.0 2.0 3.0 2.0 1.0 3.66 1.6600000000000001 0.66     11 2 5 18 0.0 1.0 5.0 0.66 1.6600000000000001 3.66 66.0 1000000000000066.1 66.3     ?

% Crystal Palace - Fulham, 2019-02-02, Premier League, 376245
% >376245 26 7 5 13 2.0 1.0 3.0 1.6600000000000001 1.6600000000000001 2.66 2.66 1.6600000000000001 1.6600000000000001     17 4 5 16 2.0 0.0 4.0 0.66 1.6600000000000001 3.66 1000000000000066.1 1000000000000066.1 66.2     ?

% Everton - Wolverhampton Wanderers, 2019-02-02, Premier League, 376246
% >376246 33 9 6 10 2.0 0.0 4.0 1.6600000000000001 0.66 3.66 1.33 2.33 2.33     38 11 5 9 4.0 0.0 2.0 3.0 1.0 2.0 33.2 33.2 33.1     ?

% Tottenham Hotspur - Newcastle United, 2019-02-02, Premier League, 376249
% >376249 57 19 0 6 4.0 0.0 2.0 2.66 0.66 2.66 4.0 0.0 2.0     24 6 6 13 2.0 1.0 3.0 0.66 1.6600000000000001 3.66 0.2 0.0 0.4     ?

% Birmingham City - Nottingham Forest, 2019-02-02, Championship, 376251
% >376251 43 10 13 7 1.0 3.0 2.0 2.66 1.6600000000000001 1.6600000000000001 2.0 2.0 2.0     42 10 12 8 2.0 0.0 4.0 0.66 1.6600000000000001 3.66 0.2 0.2 0.2     ?

% Brentford - Blackburn Rovers, 2019-02-02, Championship, 376252
% >376252 37 9 10 10 3.0 3.0 0.0 3.66 1.6600000000000001 0.66 1.0 1.0 4.0     43 11 10 9 4.0 0.0 2.0 1.6600000000000001 0.66 3.66 0.4 0.1 0.1     ?

% Bristol City - Swansea City, 2019-02-02, Championship, 376253
% >376253 47 13 8 8 5.0 1.0 0.0 3.33 2.33 0.33 3.33 1.33 1.33     41 11 8 11 2.0 3.0 1.0 2.0 2.0 2.0 33.1 33.1 33.3     ?

% Hull City - Stoke City, 2019-02-02, Championship, 376254
% >376254 43 12 7 11 4.0 1.0 1.0 5.33 0.33 0.33 2.33 0.33 3.33     38 9 11 10 1.0 1.0 4.0 0.66 1.6600000000000001 3.66 33.3 33.0 33.2     ?

% Ipswich Town - Sheffield Wednesday, 2019-02-02, Championship, 376255
% >376255 18 3 9 18 1.0 0.0 5.0 2.33 1.33 2.33 2.0 1.0 3.0     38 10 8 11 3.0 2.0 1.0 2.66 1.6600000000000001 1.6600000000000001 0.3 0.1 0.2     ?

% Leeds United - Norwich City, 2019-02-02, Championship, 376256
% >376256 57 17 6 7 2.0 0.0 4.0 2.66 0.66 2.66 3.0 1.0 2.0     57 16 9 5 2.0 3.0 1.0 2.66 2.66 0.66 0.2 0.1 0.3     ?

% Millwall - Rotherham United, 2019-02-02, Championship, 376257
% >376257 30 7 9 13 3.0 2.0 1.0 2.66 1.6600000000000001 1.6600000000000001 1.33 2.33 2.33     26 5 11 14 1.0 1.0 4.0 0.66 1.6600000000000001 3.66 33.2 33.2 33.1     ?

% Reading - Aston Villa, 2019-02-02, Championship, 376259
% >376259 25 5 10 15 1.0 3.0 2.0 1.6600000000000001 1.6600000000000001 2.66 2.0 2.0 2.0     43 10 13 7 1.0 4.0 1.0 1.6600000000000001 2.66 1.6600000000000001 0.2 0.2 0.2     ?

% Sheffield United - Bolton Wanderers, 2019-02-02, Championship, 376260
% >376260 54 16 6 8 4.0 1.0 1.0 4.66 0.66 0.66 4.0 0.0 2.0     23 5 8 17 0.0 2.0 4.0 0.66 0.66 4.66 0.2 0.0 0.4     ?

% West Bromwich Albion - Middlesbrough, 2019-02-02, Championship, 376261
% >376261 50 14 8 7 2.0 2.0 2.0 1.6600000000000001 2.66 1.6600000000000001 1.0 2.0 3.0     50 13 11 5 3.0 2.0 1.0 3.66 1.6600000000000001 0.66 0.3 0.2 0.1     ?

% Wigan Athletic - Queens Park Rangers, 2019-02-02, Championship, 376262
% >376262 32 9 5 16 2.0 1.0 3.0 2.66 0.66 2.66 2.0 1.0 3.0     39 11 6 12 1.0 2.0 3.0 1.6600000000000001 1.6600000000000001 2.66 0.3 0.1 0.2     ?

% Accrington Stanley - Blackpool, 2019-02-02, League 1, 376263
% >376263 36 9 9 10 1.0 2.0 3.0 2.0 2.0 2.0 1.6600000000000001 2.66 1.6600000000000001     43 11 10 8 2.0 3.0 1.0 2.33 1.33 2.33 1000000000000066.1 66.2 1000000000000066.1     ?

% Barnsley - Scunthorpe United, 2019-02-02, League 1, 376264
% >376264 59 17 8 5 4.0 2.0 0.0 5.33 0.33 0.33 2.33 2.33 1.33     37 10 7 14 4.0 1.0 1.0 3.0 0.0 3.0 33.1 33.2 33.2     ?

% Burton Albion - Oxford United, 2019-02-02, League 1, 376265
% >376265 38 10 8 12 0.0 5.0 1.0 1.33 3.33 1.33 1.33 2.33 2.33     32 7 11 12 1.0 3.0 2.0 0.66 3.66 1.6600000000000001 33.2 33.2 33.1     ?

% Coventry City - Gillingham, 2019-02-02, League 1, 376266
% >376266 40 11 7 13 2.0 2.0 2.0 2.0 2.0 2.0 2.33 3.33 0.33     33 9 6 15 1.0 2.0 3.0 1.6600000000000001 1.6600000000000001 2.66 33.0 33.3 33.2     ?

% Fleetwood Town - Charlton Athletic, 2019-02-02, League 1, 376267
% >376267 42 11 9 11 2.0 3.0 1.0 2.33 1.33 2.33 1.33 3.33 1.33     54 16 6 9 3.0 1.0 2.0 2.0 1.0 3.0 33.1 33.3 33.1     ?

% Peterborough United - Plymouth Argyle, 2019-02-02, League 1, 376268
% >376268 49 13 10 8 1.0 2.0 3.0 1.6600000000000001 1.6600000000000001 2.66 2.66 0.66 2.66     36 10 6 15 5.0 0.0 1.0 3.0 1.0 2.0 66.2 66.0 66.2     ?

% Portsmouth - Doncaster Rovers, 2019-02-02, League 1, 376269
% >376269 58 17 7 6 2.0 1.0 3.0 2.0 2.0 2.0 0.33 3.33 2.33     47 13 8 8 2.0 2.0 2.0 1.6600000000000001 1.6600000000000001 2.66 33.2 33.3 33.0     ?

% Shrewsbury Town - Luton Town, 2019-02-02, League 1, 376270
% >376270 31 7 10 13 0.0 3.0 3.0 1.0 2.0 3.0 1.33 1.33 3.33     65 19 8 4 4.0 2.0 0.0 3.33 2.33 0.33 33.3 33.1 33.1     ?

% Southend United - Bristol Rovers, 2019-02-02, League 1, 376271
% >376271 38 12 2 16 2.0 0.0 4.0 2.0 0.0 4.0 2.0 1.0 3.0     32 8 8 14 2.0 3.0 1.0 3.66 1.6600000000000001 0.66 0.3 0.1 0.2     ?

% Sunderland - AFC Wimbledon, 2019-02-02, League 1, 376272
% >376272 56 15 11 2 3.0 3.0 0.0 3.33 2.33 0.33 3.33 1.33 1.33     23 6 5 19 0.0 2.0 4.0 1.6600000000000001 1.6600000000000001 2.66 33.1 33.1 33.3     ?

% Walsall - Rochdale, 2019-02-02, League 1, 376273
% >376273 35 9 8 13 1.0 1.0 4.0 0.66 1.6600000000000001 3.66 1.0 1.0 4.0     34 9 7 15 1.0 1.0 4.0 2.33 0.33 3.33 0.4 0.1 0.1     ?

% Wycombe Wanderers - Bradford City, 2019-02-02, League 1, 376274
% >376274 43 11 10 10 3.0 2.0 1.0 2.33 1.33 2.33 2.33 2.33 1.33     32 9 5 17 2.0 2.0 2.0 1.33 2.33 2.33 33.1 33.2 33.2     ?

% Bury - Crawley Town, 2019-02-02, League 2, 376276
% >376276 54 15 9 7 3.0 3.0 0.0 3.33 2.33 0.33 1.33 2.33 2.33     37 11 4 16 2.0 1.0 3.0 1.0 2.0 3.0 33.2 33.2 33.1     ?

% Cheltenham Town - Cambridge United, 2019-02-02, League 2, 376277
% >376277 32 8 8 13 3.0 1.0 2.0 3.33 1.33 1.33 1.33 1.33 3.33     32 9 5 16 3.0 0.0 3.0 1.0 0.0 5.0 33.3 33.1 33.1     ?

% Crewe Alexandra - Carlisle United, 2019-02-02, League 2, 376278
% >376278 41 12 5 13 5.0 0.0 1.0 5.0 0.0 1.0 1.33 1.33 3.33     51 16 3 11 5.0 0.0 1.0 3.33 0.33 2.33 33.3 33.1 33.1     ?

% Exeter City - Milton Keynes Dons, 2019-02-02, League 2, 376279
% >376279 50 14 8 8 3.0 1.0 2.0 4.0 1.0 1.0 2.33 1.33 2.33     50 14 8 8 2.0 0.0 4.0 0.33 1.33 4.33 33.2 33.1 33.2     ?

% Grimsby Town - Newport County, 2019-02-02, League 2, 376280
% >376280 40 12 4 15 2.0 0.0 4.0 3.33 0.33 2.33 1.33 1.33 3.33     40 11 7 11 1.0 2.0 3.0 0.66 0.66 4.66 33.3 33.1 33.1     ?

% Mansfield Town - Macclesfield Town, 2019-02-02, League 2, 376281
% >376281 58 15 13 3 4.0 1.0 1.0 4.0 1.0 1.0 2.33 2.33 1.33     27 7 6 18 2.0 1.0 3.0 2.0 0.0 4.0 33.1 33.2 33.2     ?

% Northampton Town - Colchester United, 2019-02-02, League 2, 376282
% >376282 34 7 13 10 1.0 2.0 3.0 1.0 4.0 1.0 3.0 1.0 2.0     49 14 7 10 2.0 1.0 3.0 3.0 0.0 3.0 0.2 0.1 0.3     ?

% Notts County - Lincoln City, 2019-02-02, League 2, 376283
% >376283 22 4 10 16 0.0 2.0 4.0 1.33 2.33 2.33 0.66 2.66 2.66     60 17 9 4 2.0 4.0 0.0 2.0 3.0 1.0 66.2 66.2 66.0     ?

% Oldham Athletic - Morecambe, 2019-02-02, League 2, 376284
% >376284 39 10 9 10 2.0 1.0 3.0 2.66 1.6600000000000001 1.6600000000000001 2.66 1.66 1.66     29 7 8 15 0.0 3.0 3.0 0.0 3.0 3.0 66.1 66.1 66.2     ?

% Port Vale - Tranmere Rovers, 2019-02-02, League 2, 376285
% >376285 33 8 9 13 1.0 2.0 3.0 0.33 1.33 4.33 1.66 1.66 2.66     42 11 9 9 2.0 2.0 2.0 1.33 1.33 3.33 66.2 66.1 66.1     ?

% Stevenage - Yeovil Town, 2019-02-02, League 2, 376286
% >376286 47 14 5 12 4.0 0.0 2.0 3.0 0.0 3.0 2.0 2.0 2.0     30 7 9 13 2.0 1.0 3.0 1.33 2.33 2.33 0.2 0.2 0.2     ?

% Swindon Town - Forest Green Rovers, 2019-02-02, League 2, 376287
% >376287 40 10 10 10 1.0 3.0 2.0 1.33 2.33 2.33 2.33 1.33 2.33     51 13 12 5 3.0 2.0 1.0 3.33 2.33 0.33 33.2 33.1 33.2     ?

% Monaco - Toulouse, 2019-02-02, Ligue 1, 376437
% >376437 18 4 6 13 1.0 2.0 3.0 1.6600000000000001 1.6600000000000001 2.66 4.0 1.0 1.0     26 6 8 9 2.0 2.0 2.0 3.33 0.33 2.33 0.1 0.1 0.4     ?

% Angers - Dijon, 2019-02-02, Ligue 1, 376439
% >376439 27 6 9 8 2.0 2.0 2.0 2.33 2.33 1.33 3.33 0.33 2.33     20 5 5 12 1.0 1.0 4.0 0.66 0.66 4.66 33.2 33.0 33.3     ?

% Bordeaux - Guingamp, 2019-02-02, Ligue 1, 376440
% >376440 28 7 7 7 2.33 1.33 2.33 2.33 2.33 1.33 5.0 0.0 1.0     14 3 5 14 2.0 0.0 4.0 2.0 1.0 3.0 0.1 0.0 0.5     ?

% Rennes - Amiens, 2019-02-02, Ligue 1, 376441
% >376441 33 9 6 8 3.0 1.0 2.0 3.66 1.6600000000000001 0.66 3.66 0.66 1.6600000000000001     18 5 3 15 0.0 2.0 4.0 1.6600000000000001 1.6600000000000001 2.66 1000000000000066.1 66.0 66.3     ?

% Caen - Nantes, 2019-02-02, Ligue 1, 376445
% >376445 18 3 9 10 1.0 1.0 4.0 1.33 0.33 4.33 2.0 1.0 3.0     24 6 6 10 1.0 1.0 4.0 1.0 1.0 4.0 0.3 0.1 0.2     ?

% Reims - Marseille, 2019-02-02, Ligue 1, 376446
% >376446 34 8 10 5 3.0 3.0 0.0 3.0 2.0 1.0 3.0 1.0 2.0     31 9 4 9 1.0 2.0 3.0 1.33 1.33 3.33 0.2 0.1 0.3     ?

% 1. FC Nürnberg - Werder Bremen, 2019-02-02, Bundesliga, 376510
% >376510 12 2 6 12 0.0 2.0 4.0 0.66 2.66 2.66 1.66 2.66 1.66     27 7 6 7 1.0 3.0 2.0 1.33 2.33 2.33 66.1 66.2 66.1     ?

% Bayer Leverkusen - FC Bayern München, 2019-02-02, Bundesliga, 376511
% >376511 30 9 3 8 5.0 0.0 1.0 3.66 0.66 1.6600000000000001 2.66 1.66 1.66     42 13 3 4 5.0 0.0 1.0 4.33 0.33 1.33 66.1 66.1 66.2     ?

% Eintracht Frankfurt - Borussia Dortmund, 2019-02-02, Bundesliga, 376512
% >376512 32 9 5 6 1.0 3.0 2.0 1.6600000000000001 1.6600000000000001 2.66 0.0 2.0 4.0     49 15 4 1 5.0 1.0 0.0 3.0 2.0 1.0 0.4 0.2 0.0     ?

% Hertha BSC - Wolfsburg, 2019-02-02, Bundesliga, 376513
% >376513 28 7 7 6 2.0 1.0 3.0 1.6600000000000001 2.66 1.6600000000000001 1.66 1.66 2.66     31 9 4 7 3.0 1.0 2.0 2.66 0.66 2.66 66.2 66.1 66.1     ?

% Hoffenheim - Fortuna Düsseldorf, 2019-02-02, Bundesliga, 376514
% >376514 29 7 8 5 1.0 4.0 1.0 0.66 3.66 1.6600000000000001 1.66 2.66 1.66     22 6 4 10 3.0 1.0 2.0 2.33 2.33 1.33 66.1 66.2 66.1     ?

% Schalke 04 - Borussia Mönchengladbach, 2019-02-02, Bundesliga, 376515
% >376515 22 6 4 10 2.0 2.0 2.0 1.6600000000000001 0.66 3.66 1.66 1.66 2.66     42 13 3 4 4.0 1.0 1.0 2.66 1.6600000000000001 1.6600000000000001 66.2 66.1 66.1     ?

% 1. FC Heidenheim 1846 - SG Dynamo Dresden, 2019-02-02, 2nd Bundesliga, 376518
% >376518 34 9 7 4 3.0 3.0 0.0 3.0 2.0 1.0 2.66 1.66 1.66     25 7 4 9 0.66 1.6600000000000001 3.66 1.33 2.33 2.33 66.1 66.1 66.2     ?

% DSC Arminia Bielefeld - Hamburger SV, 2019-02-02, 2nd Bundesliga, 376519
% >376519 24 6 6 8 2.33 1.33 2.33 2.0 2.0 2.0 2.66 1.66 1.66     40 12 4 4 3.0 1.0 2.0 2.66 0.66 2.66 66.1 66.1 66.2     ?

% SC Paderborn 07 - SpVgg Greuther Fürth, 2019-02-02, 2nd Bundesliga, 376520
% >376520 31 8 7 5 1.33 1.33 3.33 2.33 2.33 1.33 2.66 1.66 1.66     24 6 6 8 1.6600000000000001 1.6600000000000001 2.66 1.66 1.66 2.66 66.1 66.1 66.2     ?

% Padova - Salernitana, 2019-02-02, Serie B, 376731
% >376731 16 3 7 11 1.0 2.0 3.0 1.0 2.0 3.0 1.66 2.66 1.66     28 7 7 7 1.0 2.0 3.0 1.0 2.0 3.0 66.1 66.2 66.1     ?

% Carpi - Verona, 2019-02-02, Serie B, 376732
% >376732 18 4 6 11 2.0 2.0 2.0 1.6600000000000001 1.6600000000000001 2.66 1.66 2.66 1.66     32 8 8 5 1.0 4.0 1.0 1.33 3.33 1.33 66.1 66.2 66.1     ?

% Cosenza - Cittadella, 2019-02-02, Serie B, 376733
% >376733 24 5 9 7 1.0 4.0 1.0 2.0 4.0 0.0 2.66 1.66 1.66     30 7 9 5 1.0 2.0 3.0 0.0 4.0 2.0 66.1 66.1 66.2     ?

% Spezia - Cremonese, 2019-02-02, Serie B, 376736
% >376736 31 8 7 6 2.0 4.0 0.0 2.33 3.33 0.33 2.66 0.66 2.66     26 6 8 7 2.0 1.0 3.0 0.33 2.33 3.33 66.2 66.0 66.2     ?

% Empoli - Chievo, 2019-02-02, Serie A, 380970
% >380970 18 4 6 12 0.0 2.0 4.0 1.33 1.33 3.33 1.66 2.66 1.66     9 1 9 12 1.0 2.0 3.0 0.33 3.33 2.33 66.1 66.2 66.1     ?

% Napoli - Sampdoria, 2019-02-02, Serie A, 380971
% >380971 51 16 3 3 4.0 1.0 1.0 4.66 0.66 0.66 2.33 1.33 2.33     33 9 6 7 3.0 1.0 2.0 1.33 2.33 2.33 33.2 33.1 33.2     ?

% Juventus - Parma, 2019-02-02, Serie A, 380972
% >380972 60 19 3 0 4.0 2.0 0.0 3.66 1.6600000000000001 0.66 2.33 2.33 1.33     29 8 5 9 2.0 2.0 2.0 2.33 1.33 2.33 33.1 33.2 33.2     ?

% Levante - Getafe, 2019-02-02, Liga BBVA, 380973
% >380973 27 7 6 9 1.0 2.0 3.0 1.6600000000000001 2.66 1.6600000000000001 2.0 3.0 1.0     32 8 8 6 2.0 2.0 2.0 1.6600000000000001 2.66 1.6600000000000001 0.1 0.3 0.2     ?

% Real Sociedad - Athletic Bilbao, 2019-02-02, Liga BBVA, 380974
% >380974 30 8 6 8 2.0 2.0 2.0 2.33 1.33 2.33 3.0 1.0 2.0     26 5 11 6 3.0 2.0 1.0 1.6600000000000001 2.66 1.6600000000000001 0.2 0.1 0.3     ?

% Barcelona - Valencia, 2019-02-02, Liga BBVA, 380975
% >380975 50 15 5 2 5.0 1.0 0.0 3.66 1.6600000000000001 0.66 4.0 2.0 0.0     30 6 12 4 3.0 2.0 1.0 2.0 2.0 2.0 0.0 0.2 0.4     ?

% Celta Vigo - Sevilla, 2019-02-02, Liga BBVA, 380976
% >380976 24 6 6 10 1.0 0.0 5.0 1.33 1.33 3.33 2.0 0.0 4.0     36 10 6 6 2.0 1.0 3.0 0.66 1.6600000000000001 3.66 0.4 0.0 0.2     ?

% Numancia - Lugo, 2019-02-02, Liga Adelante, 380977
% >380977 30 7 9 8 2.0 3.0 1.0 3.0 0.0 3.0 3.0 0.0 3.0     26 6 8 10 1.0 3.0 2.0 0.33 1.33 4.33 0.3 0.0 0.3     ?

% Cordoba - Albacete, 2019-02-02, Liga Adelante, 380978
% >380978 18 3 9 12 1.0 2.0 3.0 1.6600000000000001 1.6600000000000001 2.66 2.0 0.0 4.0     45 12 9 3 3.0 2.0 1.0 3.0 2.0 1.0 0.4 0.0 0.2     ?

% Rayo Majadahonda - Gimnastic, 2019-02-02, Liga Adelante, 380979
% >380979 26 7 5 12 1.0 3.0 2.0 1.33 3.33 1.33 3.33 1.33 1.33     17 4 5 15 1.0 1.0 4.0 1.0 0.0 5.0 33.1 33.1 33.3     ?

% Deportivo La Coruna - Tenerife, 2019-02-02, Liga Adelante, 380980
% >380980 43 11 10 3 3.0 1.0 2.0 4.33 1.33 0.33 2.0 3.0 1.0     27 5 12 7 2.0 3.0 1.0 0.66 2.66 2.66 0.1 0.3 0.2     ?

% Chaves - Maritimo, 2019-02-02, Primeira Liga, 380989
% >380989 18 5 3 12 3.0 1.0 2.0 2.33 1.33 2.33 4.0 0.0 2.0     20 6 2 12 3.0 0.0 3.0 2.0 1.0 3.0 0.2 0.0 0.4     ?

% Boavista - Feirense, 2019-02-02, Primeira Liga, 380990
% >380990 19 5 4 11 2.0 0.0 4.0 3.0 0.0 3.0 4.0 1.0 1.0     14 2 8 10 0.0 4.0 2.0 0.33 3.33 2.33 0.1 0.1 0.4     ?

% Aves - SC Braga, 2019-02-02, Primeira Liga, 380991
% >380991 18 5 3 12 2.0 1.0 3.0 1.6600000000000001 1.6600000000000001 2.66 1.33 1.33 3.33     46 14 4 2 4.0 1.0 1.0 3.33 1.33 1.33 33.3 33.1 33.1     ?

% Mafra - Benfica B, 2019-02-02, Segunda Liga, 380992
% >380992 32 9 5 6 3.0 1.0 2.0 2.33 1.33 2.33 1.6600000000000001 2.66 1.6600000000000001     35 10 5 5 2.0 1.0 3.0 1.0 3.0 2.0 1000000000000066.1 66.2 1000000000000066.1     ?

% Sporting Covilha - Varzim, 2019-02-02, Segunda Liga, 380993
% >380993 20 5 5 9 3.0 1.0 2.0 2.66 2.66 0.66 4.0 1.0 1.0     25 7 4 9 2.0 1.0 3.0 2.0 1.0 3.0 0.1 0.1 0.4     ?

% Academica - Vitoria de Guimaraes B, 2019-02-02, Segunda Liga, 381490
% >381490 31 9 4 7 4.0 1.0 1.0 4.0 1.0 1.0 2.0 2.0 2.0     21 5 6 9 1.0 1.0 4.0 0.0 3.0 3.0 0.2 0.2 0.2     ?
