%% T1_W T1_D T1_L T1_WLast6 T1_DLast6 T1_LLast6 T1_WHomeLast6 T1_DHomeLast6 T1_LHomeLast6 T1_W1v1_last6 T1_D1v1_last6 T1_L1v1_last6
%% T2_W T2_D T2_L T2_WLast6 T2_DLast6 T2_LLast6 T2_WAwayLast6 T2_DAwayLast6 T2_LAwayLast6
%% Label (1 == Home, X == Draw, 2 == Away)

% Насионал Мадейра - Витория Гимараеш 02.01.19 Pt1
0.29 0.29 0.43 3.0 2.0 1.0 2.0 1.0 3.0 2.0 3.0 1.0     0.50 0.29 0.21 4.0 2.0 0.0 3.0 2.0 1.0     1

% Боависта - Витория Сетубал 02.01.19 Pt1
0.21 0.29 0.50 1.0 3.0 2.0 2.0 1.0 3.0 4.0 2.0 0.0     0.36 0.14 0.50 2.0 0.0 4.0 2.0 2.0 2.0     1

% Спортинг Брага - Маритимо 02.01.19 Pt1
0.64 0.21 0.14 4.0 0.0 2.0 5.0 1.0 0.0 3.0 1.0 2.0     0.21 0.14 0.64 0.0 1.0 5.0 1.0 1.0 4.0     1

% Кардиф Сити - Тотнъм 01.01.19 PR
0.25 0.15 0.60 2.0 1.0 3.0 4.0 0.0 2.0 0.33 1.33 4.33     0.75 0.00 0.25 4.0 1.0 1.0 4.0 1.0 1.0     2

% Борнeмут - Уотфорд 02.01.19 PR
0.40 0.10 0.50 1.0 0.0 5.0 3.0 0.0 3.0 1.0 4.0 1.0     0.40 0.20 0.40 2.0 2.0 2.0 2.0 2.0 2.0     X

% Челси - Саутхямптън 02.01.19 PR
0.65 0.20 0.15 4.0 1.0 1.0 4.0 1.0 1.0 6.0 0.0 0.0     0.15 0.30 0.55 2.0 0.0 4.0 1.0 1.0 4.0     X

% Хъдърсфийлд Таун - Бърнли 02.01.19 PR
0.10 0.20 0.70 0.0 0.0 6.0 1.0 1.0 4.0 0.0 3.0 3.0     0.20 0.15 0.65 2.0 0.0 4.0 0.0 1.0 5.0     2

% Уест Хям - Брайтън 02.01.19 PR
0.40 0.15 0.45 4.0 0.0 2.0 3.0 0.0 3.0 3.0 0.0 3.0     0.35 0.20 0.45 2.0 1.0 3.0 2.0 0.0 4.0     X

% Уулвърхямптън - Кристъл Палас 02.01.19 PR
0.40 0.25 0.35 4.0 1.0 1.0 2.0 0.0 4.0 2.0 1.0 3.0     0.25 0.20 0.55 2.0 1.0 3.0 1.0 1.0 4.0     2

% Нюкясъл - Манчестър Юнайтед 02.01.19 PR
0.20 0.30 0.50 1.0 3.0 2.0 2.0 1.0 3.0 1.0 2.0 3.0     0.50 0.25 0.25 4.0 0.0 2.0 2.0 1.0 3.0     2

% Манчестър Сити - Ливърпул 03.01.19 PR
0.75 0.10 0.15 3.0 1.0 2.0 5.0 0.0 1.0 1.0 2.0 3.0     0.85 0.15 0.00 6.0 0.0 0.0 4.0 0.0 2.0     1

% Портимонензе - Бенфика 02.01.19 Pt1
0.43 0.14 0.43 3.0 1.0 2.0 4.0 2.0 0.0 0.66 1.66 3.66     0.71 0.14 0.14 5.0 0.0 1.0 3.0 0.0 3.0     1

% Рио Аве - Морейрензе 02.01.19 Pt1
0.36 0.29 0.36 0.0 2.0 4.0 3.0 2.0 1.0 3.0 1.0 2.0     0.50 0.07 0.43 4.0 0.0 2.0 2.0 0.0 4.0     2

% Шавеш - Фейрензе 03.01.19 Pt1
0.14 0.07 0.79 0.0 0.0 6.0 1.0 1.0 4.0 2.0 2.0 2.0     0.14 0.29 0.57 0.0 1.0 5.0 0.0 0.0 6.0     X

% Спортинг Лисабон - Беленензеш 03.01.19 Pt1
0.71 0.07 0.21 5.0 0.0 1.0 5.0 0.0 1.0 5.0 0.0 1.0     0.36 0.50 0.14 3.0 3.0 0.0 1.0 5.0 0.0     1

% Авеш - Порто 03.01.19 Pt1
0.21 0.14 0.64 2.0 1.0 3.0 2.0 1.0 3.0 0.0 1.0 5.0     0.86 0.00 0.14 6.0 0.0 0.0 5.0 0.0 1.0     2

% Виляреал - Реал Мадрид 03.01.19 Es1
0.19 0.38 0.44 2.0 2.0 2.0 4.0 1.0 1.0 2.0 2.0 2.0     0.56 0.13 0.31 5.0 0.0 1.0 5.0 0.0 1.0     X

% Леванте - Джирона 04.01.19 Es1
0.35 0.24 0.41 2.0 2.0 2.0 4.0 0.0 2.0 2.0 2.0 2.0     0.29 0.41 0.29 2.0 2.0 2.0 2.0 2.0 2.0     X

% Еспаньол - Леганес 04.01.19 Es1
0.35 0.18 0.47 1.0 0.0 5.0 3.0 0.0 3.0 2.66 0.66 2.66     0.24 0.41 0.35 3.0 3.0 0.0 2.0 3.0 1.0     1

% Валядолид - Райо Валекано 05.01.19 Es1
0.29 0.35 0.35 2.0 1.0 3.0 2.0 2.0 2.0 1.0 3.0 2.0     0.18 0.24 0.59 2.0 0.0 4.0 0.0 1.0 5.0     2

% Чарлтън - Съндърланд 05.01.19 L1
0.54 0.15 0.31 4.0 0.0 2.0 5.0 0.0 1.0 3.0 2.0 1.0     0.58 0.33 0.08 3.0 1.0 2.0 3.0 2.0 1.0     X

% Рочдейл - Бъртън Албион 05.01.19 L1
0.31 0.23 0.46 2.0 1.0 3.0 3.0 0.0 3.0 2.0 1.0 3.0     0.36 0.20 0.44 2.0 2.0 2.0 1.0 1.0 4.0     2

% Скънторп Юнайтед - Ковънтри 05.01.19 L1
0.27 0.23 0.50 2.0 0.0 4.0 2.0 1.0 3.0 5.0 1.0 0.0     0.42 0.19 0.38 3.0 0.0 3.0 1.0 0.0 5.0     1

% Гранада - Албасете  04.01.19 Es2
0.58 0.26 0.16 3.0 2.0 1.0 4.0 1.0 1.0 2.33 1.33 2.33     0.53 0.37 0.11 5.0 1.0 0.0 3.0 1.0 2.0     X

% Тенерифе - Елче 04.01.19 Es2
0.16 0.53 0.32 1.0 3.0 2.0 2.0 4.0 0.0 2.0 2.0 2.0     0.21 0.47 0.32 1.0 3.0 2.0 1.0 2.0 3.0     1

% Академика Коимбра - Кова Де Пиедаде 04.01.19 Pt2
0.36 0.21 0.43 4.0 0.0 2.0 2.0 1.0 3.0 0.66 1.66 3.66     0.29 0.36 0.36 2.0 2.0 2.0 1.0 3.0 2.0     1

% Кембридж Юн - Стивънидж Боро 05.01.19 L2
0.23 0.19 0.58 1.0 1.0 4.0 3.0 2.0 1.0 4.0 1.0 1.0     0.42 0.19 0.38 2.0 1.0 3.0 1.0 1.0 4.0     1

% Карлайл Юн. - Мансфийлд Таун 05.01.19 L2
0.50 0.12 0.38 5.0 0.0 1.0 4.0 0.0 2.0 1.0 1.0 4.0    0.46 0.50 0.04 4.0 2.0 0.0 3.0 2.0 1.0     1

% Колчестър Юн. - Нотс Каунти 05.01.19 L2
0.46 0.23 0.31 2.0 1.0 3.0 3.0 2.0 1.0 1.0 1.0 4.0     0.15 0.31 0.54 1.0 1.0 4.0 0.0 2.0 4.0     X

% Кроули Таун - Челтнъм 05.01.19 L2
0.36 0.12 0.52 1.0 1.0 4.0 2.0 1.0 3.0 1.0 1.0 4.0     0.28 0.32 0.40 3.0 3.0 0.0 2.0 2.0 2.0     1

% Макълсфийлд Таун - Суиндън Таун 05.01.19 L2
0.19 0.23 0.58 2.0 2.0 2.0 2.0 2.0 2.0 3.0 0.0 3.0     0.31 0.35 0.35 1.0 3.0 2.0 2.0 2.0 2.0     2

% Benfica - Rio Ave, 2019-01-06, Primeira Liga, 369926
0.67 0.13 0.20 4.33 0.33 1.33 3.33 1.33 1.33 5.0 1.0 0.0      0.33 0.27 0.40 0.0 2.0 4.0 1.33 1.33 3.33     1

% Feirense - Santa Clara, 2019-01-06, Primeira Liga, 369927
0.13 0.33 0.53 0.0 2.0 4.0 1.0 2.0 3.0 2.33 2.33 1.33      0.40 0.13 0.47 2.0 0.0 4.0 3.66 0.66 1.66     X

% Belenenses - Vitoria de Guimaraes, 2019-01-06, Primeira Liga, 369929
0.33 0.47 0.20 3.0 2.0 1.0 3.66 0.66 1.66 1.0 4.0 1.0      0.47 0.27 0.27 4.0 1.0 1.0 1.66 2.66 1.66     1

% SC Braga - Boavista, 2019-01-06, Primeira Liga, 369933
0.67 0.20 0.13 3.66 0.66 1.66 3.33 1.33 1.33 2.0 2.0 2.0      0.27 0.27 0.47 2.0 2.0 2.0 1.0 2.0 3.0     1

% Vitoria de Setubal - Chaves, 2019-01-06, Primeira Liga, 369934
0.33 0.13 0.53 2.0 0.0 4.0 2.0 1.0 3.0 1.33 3.33 1.33      0.13 0.13 0.73 0.0 1.0 5.0 1.0 1.0 4.0     X

% Mafra - Pacos de Ferreira, 2019-01-06, Segunda Liga, 369942
0.47 0.20 0.33 2.0 0.0 4.0 2.66 1.66 1.66 2.0 2.0 2.0      0.79 0.00 0.21 5.0 0.0 1.0 4.0 1.0 1.0     X

% Arouca - Farense, 2019-01-06, Segunda Liga, 369943
0.21 0.21 0.57 0.0 2.0 4.0 1.0 2.0 3.0 2.0 2.0 2.0      0.40 0.27 0.33 2.0 2.0 2.0 2.66 1.66 1.66     X

% Famalicao - Varzim, 2019-01-06, Segunda Liga, 369944
0.67 0.20 0.13 4.0 2.0 0.0 1.66 3.66 0.66 1.0 1.0 4.0      0.36 0.21 0.43 2.0 2.0 2.0 2.33 2.33 1.33     X

% Sevilla - Atletico Madrid, 2019-01-06, Liga BBVA, 370105
0.53 0.29 0.18 2.33 3.33 0.33 3.33 1.33 1.33 3.0 0.0 3.0      0.53 0.41 0.06 3.0 3.0 0.0 2.0 3.0 1.0     X

% Getafe - Barcelona, 2019-01-06, Liga BBVA, 370106
0.35 0.41 0.24 2.0 3.0 1.0 2.66 0.66 2.66 0.66 1.66 3.66      0.65 0.24 0.12 4.33 1.33 0.33 3.0 2.0 1.0     2

% Real Madrid - Real Sociedad, 2019-01-06, Liga BBVA, 370107
0.53 0.18 0.29 3.33 1.33 1.33 2.66 1.66 1.66 5.33 0.33 0.33      0.29 0.24 0.47 2.0 0.0 4.0 2.0 1.0 3.0     2

% Deportivo La Coruna - Lugo, 2019-01-06, Liga Adelante, 370125
0.47 0.42 0.11 3.0 2.0 1.0 5.33 0.33 0.33 1.66 1.66 2.66      0.26 0.32 0.42 2.0 2.0 2.0 0.66 2.66 2.66     X

% Gimnastic - Cordoba, 2019-01-06, Liga Adelante, 370127
0.16 0.21 0.63 1.0 1.0 4.0 1.66 1.66 2.66 2.0 1.0 3.0      0.16 0.42 0.42 1.0 2.0 3.0 0.33 3.33 2.33     1

% Malaga - Reus, 2019-01-06, Liga Adelante, 370129
0.58 0.16 0.26 2.0 2.0 2.0 4.66 0.66 0.66 2.0 2.0 2.0      0.21 0.26 0.53 1.0 1.0 4.0 1.66 0.66 3.66     2

% Osasuna - Cadiz, 2019-01-06, Liga Adelante, 370131
0.47 0.26 0.26 5.0 0.0 1.0 5.33 0.33 0.33 2.66 0.66 2.66      0.47 0.26 0.26 5.0 0.0 1.0 3.0 1.0 2.0     1

% Leixoes - Sporting Covilha, 2019-01-06, Segunda Liga, 373985
0.29 0.21 0.50 2.0 0.0 4.0 2.0 1.0 3.0 2.0 2.0 2.0      0.20 0.27 0.53 1.0 2.0 3.0 1.66 0.66 3.66     1

% Oliveirense - Penafiel, 2019-01-06, Segunda Liga, 373986
0.13 0.40 0.47 0.0 2.0 4.0 1.33 2.33 2.33 2.33 2.33 1.33      0.50 0.14 0.36 4.0 0.0 2.0 2.66 0.66 2.66     1

% Getafe - Barcelona, 2019-01-06, Liga BBVA, 378093
0.35 0.41 0.24 2.0 3.0 1.0 2.66 0.66 2.66 0.66 1.66 3.66      0.65 0.24 0.12 4.33 1.33 0.33 3.0 2.0 1.0     2

% Feirense - Santa Clara, 2019-01-06, Primeira Liga, 378095
0.13 0.33 0.53 0.0 2.0 4.0 1.0 2.0 3.0 2.33 2.33 1.33      0.40 0.13 0.47 2.0 0.0 4.0 3.66 0.66 1.66     X

% Benfica - Rio Ave, 2019-01-06, Primeira Liga, 378098
0.67 0.13 0.20 4.33 0.33 1.33 3.33 1.33 1.33 5.0 1.0 0.0      0.33 0.27 0.40 0.0 2.0 4.0 1.33 1.33 3.33     1

% Arouca - Farense, 2019-01-06, Segunda Liga, 378103
0.21 0.21 0.57 0.0 2.0 4.0 1.0 2.0 3.0 2.0 2.0 2.0      0.40 0.27 0.33 2.0 2.0 2.0 2.66 1.66 1.66     X

% West Ham United - Arsenal, 2019-01-12, Premier League, 371443
0.38 0.19 0.43 3.0 1.0 2.0 2.66 1.66 1.66 0.0 1.0 5.0     0.57 0.24 0.19 3.0 1.0 2.0 0.66 2.66 2.66     1

% Brighton &amp; Hove Albion - Liverpool, 2019-01-12, Premier League, 371444
0.33 0.24 0.43 1.0 2.0 3.0 2.66 1.66 1.66 1.0 1.0 4.0     0.81 0.14 0.05 5.0 0.0 1.0 3.66 0.66 1.66     2

% Burnley - Fulham, 2019-01-12, Premier League, 371445
0.24 0.14 0.62 3.0 0.0 3.0 2.33 0.33 3.33 3.0 1.0 2.0     0.14 0.24 0.62 1.0 2.0 3.0 0.66 1.66 3.66     1

% Cardiff City - Huddersfield Town, 2019-01-12, Premier League, 371446
0.24 0.14 0.62 2.0 1.0 3.0 2.66 0.66 2.66 4.33 1.33 0.33     0.10 0.19 0.71 0.0 0.0 6.0 1.33 0.33 4.33     X

% Crystal Palace - Watford, 2019-01-12, Premier League, 371447
0.29 0.19 0.52 3.0 1.0 2.0 2.66 1.66 1.66 3.0 2.0 1.0     0.38 0.24 0.38 2.0 3.0 1.0 1.66 2.66 1.66     2

% Leicester City - Southampton, 2019-01-12, Premier League, 371448
0.43 0.19 0.38 3.0 0.0 3.0 2.0 1.0 3.0 3.0 2.0 1.0     0.14 0.33 0.52 2.0 1.0 3.0 1.33 1.33 3.33     2

% Chelsea - Newcastle United, 2019-01-12, Premier League, 371449
0.62 0.24 0.14 2.66 1.66 1.66 1.33 2.33 2.33 3.33 1.33 1.33     0.19 0.29 0.52 1.0 2.0 3.0 1.66 2.66 1.66     1

% Birmingham City - Middlesbrough, 2019-01-12, Championship, 371453
0.35 0.46 0.19 2.0 3.0 1.0 2.66 1.66 1.66 0.33 2.33 3.33     0.42 0.38 0.19 2.0 2.0 2.0 1.66 2.66 1.66     2

% Brentford - Stoke City, 2019-01-12, Championship, 371454
0.23 0.38 0.38 1.0 3.0 2.0 1.33 1.33 3.33 2.33 2.33 1.33     0.31 0.42 0.27 2.0 2.0 2.0 0.66 3.66 1.66     1

% Bristol City - Bolton Wanderers, 2019-01-12, Championship, 371455
0.38 0.31 0.31 3.0 3.0 0.0 1.66 3.66 0.66 2.33 2.33 1.33     0.19 0.27 0.54 1.0 1.0 4.0 0.33 1.33 4.33     1

% Hull City - Sheffield Wednesday, 2019-01-12, Championship, 371456
0.38 0.23 0.38 5.0 1.0 0.0 3.33 1.33 1.33 1.0 4.0 1.0     0.31 0.31 0.38 2.0 3.0 1.0 1.66 1.66 2.66     1

% Ipswich Town - Rotherham United, 2019-01-12, Championship, 371457
0.08 0.35 0.58 1.0 1.0 4.0 1.33 1.33 3.33 1.33 1.33 3.33     0.19 0.38 0.42 1.0 2.0 3.0 0.66 1.66 3.66     1

% Preston North End - Swansea City, 2019-01-12, Championship, 371458
0.27 0.31 0.42 2.0 1.0 3.0 2.33 2.33 1.33 1.66 1.66 2.66     0.38 0.23 0.38 3.0 1.0 2.0 2.66 0.66 2.66     X

% Reading - Nottingham Forest, 2019-01-12, Championship, 371459
0.15 0.31 0.54 0.0 2.0 4.0 0.66 1.66 3.66 3.0 1.0 2.0     0.35 0.46 0.19 2.0 1.0 3.0 1.66 2.66 1.66     1

% Sheffield United - Queens Park Rangers, 2019-01-12, Championship, 371460
0.54 0.19 0.27 4.0 1.0 1.0 2.66 1.66 1.66 3.0 1.0 2.0     0.42 0.23 0.35 3.0 2.0 1.0 1.33 3.33 1.33     1

% West Bromwich Albion - Norwich City, 2019-01-12, Championship, 371461
0.50 0.27 0.23 2.0 3.0 1.0 1.66 3.66 0.66 2.66 0.66 2.66     0.54 0.27 0.19 2.0 3.0 1.0 2.0 3.0 1.0     X

% Wigan Athletic - Aston Villa, 2019-01-12, Championship, 371462
0.27 0.19 0.54 0.0 1.0 5.0 1.33 1.33 3.33 0.66 0.66 4.66     0.35 0.42 0.23 2.0 4.0 0.0 2.66 2.66 0.66     1

% Millwall - Blackburn Rovers, 2019-01-12, Championship, 371463
0.27 0.27 0.46 3.0 1.0 2.0 2.33 2.33 1.33 1.66 2.66 1.66     0.31 0.38 0.31 1.0 2.0 3.0 1.0 2.0 3.0     2

% Accrington Stanley - Bristol Rovers, 2019-01-12, League 1, 371464
0.36 0.28 0.36 2.0 0.0 4.0 2.0 1.0 3.0 4.0 1.0 1.0     0.27 0.23 0.50 3.0 1.0 2.0 2.66 0.66 2.66     X

% Barnsley - Bradford City, 2019-01-12, League 1, 371465
0.52 0.28 0.20 3.0 2.0 1.0 2.66 2.66 0.66 3.66 1.66 0.66     0.31 0.12 0.58 4.0 1.0 1.0 1.33 2.33 2.33     1

% Burton Albion - Gillingham, 2019-01-12, League 1, 371466
0.38 0.19 0.42 2.0 2.0 2.0 2.66 1.66 1.66 3.0 1.0 2.0     0.31 0.15 0.54 2.0 1.0 3.0 2.66 0.66 2.66     2

% Coventry City - AFC Wimbledon, 2019-01-12, League 1, 371467
0.41 0.19 0.41 3.0 0.0 3.0 2.66 1.66 1.66 1.33 3.33 1.33     0.23 0.15 0.62 2.0 2.0 2.0 1.66 0.66 3.66     X

% Fleetwood Town - Oxford United, 2019-01-12, League 1, 371468
0.35 0.27 0.38 2.0 1.0 3.0 3.66 0.66 1.66 4.66 0.66 0.66     0.23 0.31 0.46 1.0 2.0 3.0 1.0 3.0 2.0     X

% Peterborough United - Rochdale, 2019-01-12, League 1, 371469
0.46 0.31 0.23 1.0 3.0 2.0 1.0 3.0 2.0 3.0 0.0 3.0     0.30 0.22 0.48 2.0 1.0 3.0 1.66 1.66 2.66     1

% Portsmouth - Blackpool, 2019-01-12, League 1, 371470
0.65 0.23 0.12 3.0 1.0 2.0 3.66 0.66 1.66 3.66 0.66 1.66     0.36 0.32 0.32 1.0 1.0 4.0 0.66 1.66 3.66     2

% Shrewsbury Town - Charlton Athletic, 2019-01-12, League 1, 371471
0.27 0.35 0.38 1.0 3.0 2.0 2.66 2.66 0.66 4.0 0.0 2.0     0.52 0.19 0.30 4.0 0.0 2.0 2.33 0.33 3.33     2

% Southend United - Plymouth Argyle, 2019-01-12, League 1, 371472
0.42 0.08 0.50 3.0 0.0 3.0 3.66 0.66 1.66 1.0 3.0 2.0     0.23 0.23 0.54 2.0 2.0 2.0 1.33 1.33 3.33     2

% Sunderland - Luton Town, 2019-01-12, League 1, 371473
0.56 0.36 0.08 4.0 1.0 1.0 3.66 1.66 0.66 1.66 2.66 1.66     0.58 0.27 0.15 4.0 2.0 0.0 3.66 1.66 0.66     X

% Walsall - Scunthorpe United, 2019-01-12, League 1, 371474
0.31 0.31 0.38 1.0 2.0 3.0 2.0 2.0 2.0 2.0 3.0 1.0     0.30 0.22 0.48 2.0 0.0 4.0 2.33 0.33 3.33     2

% Wycombe Wanderers - Doncaster Rovers, 2019-01-12, League 1, 371475
0.31 0.31 0.38 1.0 1.0 4.0 2.66 0.66 2.66 2.0 2.0 2.0     0.50 0.23 0.27 4.0 1.0 1.0 2.66 1.66 1.66     1

% Bury - Milton Keynes Dons, 2019-01-12, League 2, 371476
0.48 0.26 0.26 3.0 1.0 2.0 4.66 0.66 0.66 0.66 1.66 3.66     0.52 0.32 0.16 3.0 1.0 2.0 1.66 1.66 2.66     1

% Cheltenham Town - Tranmere Rovers, 2019-01-12, League 2, 371477
0.27 0.31 0.42 3.0 3.0 0.0 3.66 1.66 0.66 2.0 1.0 3.0     0.38 0.35 0.27 2.0 2.0 2.0 0.66 1.66 3.66     2

% Crewe Alexandra - Newport County, 2019-01-12, League 2, 371478
0.33 0.19 0.48 2.0 0.0 4.0 4.33 0.33 1.33 1.66 1.66 2.66     0.40 0.24 0.36 1.0 1.0 4.0 0.66 0.66 4.66     1

% Exeter City - Morecambe, 2019-01-12, League 2, 371479
0.46 0.27 0.27 4.0 0.0 2.0 2.33 1.33 2.33 4.0 1.0 1.0     0.26 0.22 0.52 1.0 2.0 3.0 1.33 1.33 3.33     X

% Grimsby Town - Macclesfield Town, 2019-01-12, League 2, 371480
0.38 0.15 0.46 4.0 0.0 2.0 3.66 0.66 1.66 2.0 1.0 3.0     0.19 0.22 0.59 2.0 2.0 2.0 2.33 0.33 3.33     2

% Mansfield Town - Yeovil Town, 2019-01-12, League 2, 371481
0.44 0.48 0.08 4.0 2.0 0.0 3.66 1.66 0.66 2.0 3.0 1.0     0.20 0.36 0.44 0.0 3.0 3.0 0.33 2.33 3.33     2

% Northampton Town - Carlisle United, 2019-01-12, League 2, 371482
0.23 0.46 0.31 1.0 4.0 1.0 0.66 4.66 0.66 3.0 2.0 1.0     0.52 0.11 0.37 5.0 0.0 1.0 3.33 1.33 1.33     1

% Notts County - Cambridge United, 2019-01-12, League 2, 371483
0.15 0.33 0.52 1.0 1.0 4.0 1.33 2.33 2.33 0.0 1.0 5.0     0.26 0.19 0.56 1.0 1.0 4.0 0.33 0.33 5.33     2

% Oldham Athletic - Forest Green Rovers, 2019-01-12, League 2, 371484
0.38 0.31 0.31 4.0 0.0 2.0 2.66 1.66 1.66 1.66 2.66 1.66     0.44 0.40 0.16 4.0 1.0 1.0 3.66 1.66 0.66     X

% Port Vale - Colchester United, 2019-01-12, League 2, 371485
0.27 0.31 0.42 0.0 4.0 2.0 0.66 1.66 3.66 1.33 2.33 2.33     0.44 0.26 0.30 2.0 1.0 3.0 2.33 0.33 3.33     2

% Stevenage - Crawley Town, 2019-01-12, League 2, 371486
0.41 0.19 0.41 2.0 1.0 3.0 2.66 0.66 2.66 2.0 1.0 3.0     0.38 0.12 0.50 1.0 1.0 4.0 0.66 1.66 3.66     1

% Swindon Town - Lincoln City, 2019-01-12, League 2, 371487
0.33 0.33 0.33 1.0 3.0 2.0 2.33 1.33 2.33 1.0 2.0 3.0     0.60 0.24 0.16 4.0 1.0 1.0 2.66 1.66 1.66     X

% Guingamp - Saint-Etienne, 2019-01-12, Ligue 1, 371577
0.11 0.28 0.61 1.0 1.0 4.0 1.0 3.0 2.0 2.0 0.0 4.0     0.44 0.33 0.22 3.0 1.0 2.0 0.33 2.33 3.33     2

% Nice - Bordeaux, 2019-01-12, Ligue 1, 371580
0.39 0.28 0.33 3.0 2.0 1.0 2.66 1.66 1.66 3.0 2.0 1.0     0.29 0.41 0.29 1.66 3.66 0.66 1.33 3.33 1.33     1

% Amiens - Paris Saint-Germain, 2019-01-12, Ligue 1, 371583
0.26 0.16 0.58 2.0 2.0 2.0 1.0 2.0 3.0 2.0 2.0 2.0     0.88 0.12 0.00 4.33 1.33 0.33 1.66 2.66 1.66     2

% Boavista - Maritimo, 2019-01-12, Primeira Liga, 372156
0.25 0.25 0.50 2.0 2.0 2.0 2.66 1.66 1.66 3.0 1.0 2.0     0.25 0.13 0.63 1.0 1.0 4.0 1.0 2.0 3.0     2

% Sporting CP - FC Porto, 2019-01-12, Primeira Liga, 372163
0.69 0.06 0.25 4.0 0.0 2.0 4.0 1.0 1.0 2.0 1.0 3.0     0.88 0.00 0.13 6.0 0.0 0.0 4.0 1.0 1.0     X

% Leganes - SD Huesca, 2019-01-12, Liga BBVA, 378438
0.22 0.39 0.39 1.0 3.0 2.0 2.0 3.0 1.0 2.0 2.0 2.0     0.11 0.28 0.61 1.0 2.0 3.0 1.0 1.0 4.0     1

% Valencia - Real Valladolid, 2019-01-12, Liga BBVA, 378439
0.22 0.56 0.22 2.0 2.0 2.0 2.66 1.66 1.66 2.0 2.0 2.0     0.28 0.33 0.39 1.0 2.0 3.0 1.66 1.66 2.66     X

% Girona - Deportivo Alaves, 2019-01-12, Liga BBVA, 378440
0.28 0.44 0.28 2.0 3.0 1.0 2.0 3.0 1.0 2.33 2.33 1.33     0.50 0.22 0.28 3.0 2.0 1.0 2.0 1.0 3.0     X

% Villarreal - Getafe, 2019-01-12, Liga BBVA, 378441
0.17 0.44 0.39 1.0 4.0 1.0 2.33 2.33 1.33 2.66 0.66 2.66     0.33 0.39 0.28 1.0 3.0 2.0 1.66 3.66 0.66     2

% Albacete - Sporting Gijon, 2019-01-12, Liga Adelante, 378442
0.50 0.40 0.10 5.0 1.0 0.0 4.33 1.33 0.33 1.33 2.33 2.33     0.30 0.40 0.30 2.0 2.0 2.0 1.33 2.33 2.33     X

% Las Palmas - Osasuna, 2019-01-12, Liga Adelante, 378443
0.25 0.50 0.25 0.0 3.0 3.0 1.0 4.0 1.0 2.33 2.33 1.33     0.50 0.25 0.25 5.0 0.0 1.0 2.33 1.33 2.33     1

% Reus - Numancia, 2019-01-12, Liga Adelante, 378444
0.25 0.25 0.50 1.0 1.0 4.0 1.33 2.33 2.33 2.0 1.0 3.0     0.25 0.35 0.40 1.0 1.0 4.0 0.33 2.33 3.33     X

% Mallorca - Deportivo La Coruna, 2019-01-12, Liga Adelante, 378445
0.40 0.30 0.30 3.0 2.0 1.0 3.33 2.33 0.33 2.0 2.0 2.0     0.45 0.45 0.10 3.0 2.0 1.0 0.33 4.33 1.33     1

% Real Oviedo - Tenerife, 2019-01-12, Liga Adelante, 378446
0.35 0.30 0.35 3.0 2.0 1.0 3.33 2.33 0.33 3.0 1.0 2.0     0.20 0.50 0.30 2.0 3.0 1.0 0.66 2.66 2.66     1

% Grenoble - Le Havre, 2019-01-12, Ligue 2, 378448
0.47 0.21 0.32 3.0 1.0 2.0 2.66 0.66 2.66 1.66 2.66 1.66     0.39 0.33 0.28 2.33 2.33 1.33 1.33 2.33 2.33     X

% Brest - Troyes, 2019-01-12, Ligue 2, 378449
0.58 0.26 0.16 2.0 3.0 1.0 3.66 1.66 0.66 3.0 1.0 2.0     0.47 0.11 0.42 4.0 1.0 1.0 3.0 2.0 1.0     X

% Leixoes - Penafiel, 2019-01-12, Segunda Liga, 378528
0.31 0.19 0.50 1.0 0.0 5.0 2.66 0.66 2.66 3.0 3.0 0.0     0.50 0.13 0.38 4.0 0.0 2.0 2.33 0.33 3.33     1

% Burnley - Fulham, 2019-01-12, Premier League, 378816
0.24 0.14 0.62 3.0 0.0 3.0 2.33 0.33 3.33 3.0 1.0 2.0     0.14 0.24 0.62 1.0 2.0 3.0 0.66 1.66 3.66     1

% Girona - Deportivo Alaves, 2019-01-12, Liga BBVA, 378820
0.28 0.44 0.28 2.0 3.0 1.0 2.0 3.0 1.0 2.33 2.33 1.33     0.50 0.22 0.28 3.0 2.0 1.0 2.0 1.0 3.0     X

% Villarreal - Getafe, 2019-01-12, Liga BBVA, 378821
0.17 0.44 0.39 1.0 4.0 1.0 2.33 2.33 1.33 2.66 0.66 2.66     0.33 0.39 0.28 1.0 3.0 2.0 1.66 3.66 0.66     2

% Nice - Bordeaux, 2019-01-12, Ligue 1, 378829
0.39 0.28 0.33 3.0 2.0 1.0 2.66 1.66 1.66 3.0 2.0 1.0     0.29 0.41 0.29 1.66 3.66 0.66 1.33 3.33 1.33     1

% Grenoble - Le Havre, 2019-01-12, Ligue 2, 378831
0.47 0.21 0.32 3.0 1.0 2.0 2.66 0.66 2.66 1.66 2.66 1.66     0.39 0.33 0.28 2.33 2.33 1.33 1.33 2.33 2.33     X

% Brest - Troyes, 2019-01-12, Ligue 2, 378832
0.58 0.26 0.16 2.0 3.0 1.0 3.66 1.66 0.66 3.0 1.0 2.0     0.47 0.11 0.42 4.0 1.0 1.0 3.0 2.0 1.0     X

% Boavista - Maritimo, 2019-01-12, Primeira Liga, 378835
0.25 0.25 0.50 2.0 2.0 2.0 2.66 1.66 1.66 3.0 1.0 2.0     0.25 0.13 0.63 1.0 1.0 4.0 1.0 2.0 3.0     2

% Leixoes - Penafiel, 2019-01-12, Segunda Liga, 378836
0.31 0.19 0.50 1.0 0.0 5.0 2.66 0.66 2.66 3.0 3.0 0.0     0.50 0.13 0.38 4.0 0.0 2.0 2.33 0.33 3.33     1

% Everton - AFC Bournemouth, 2019-01-13, Premier League, 371450
0.33 0.29 0.38 1.0 1.0 4.0 1.33 2.33 2.33 4.0 1.0 1.0     0.38 0.14 0.48 1.0 1.0 4.0 0.66 0.66 4.66     1

% Tottenham Hotspur - Manchester United, 2019-01-13, Premier League, 371451
0.76 0.00 0.24 5.0 0.0 1.0 3.0 1.0 2.0 3.0 0.0 3.0     0.52 0.24 0.24 5.0 0.0 1.0 2.66 1.66 1.66     2

% Marseille - Monaco, 2019-01-13, Ligue 1, 371569
0.47 0.18 0.35 1.33 1.33 3.33 1.66 1.66 2.66 0.0 2.0 4.0     0.17 0.22 0.61 1.33 1.33 3.33 2.33 1.33 2.33     X

% Academica - Varzim, 2019-01-13, Segunda Liga, 372176
0.44 0.19 0.38 3.0 1.0 2.0 2.33 0.33 3.33 3.66 0.66 1.66     0.38 0.25 0.38 3.0 1.0 2.0 2.66 1.66 1.66     1

% Mafra - Sporting Covilha, 2019-01-13, Segunda Liga, 372180
0.44 0.25 0.31 2.0 0.0 4.0 2.66 1.66 1.66 2.0 1.0 3.0     0.19 0.25 0.56 1.0 2.0 3.0 0.66 0.66 4.66     2

% Arouca - Oliveirense, 2019-01-13, Segunda Liga, 372181
0.19 0.31 0.50 0.0 4.0 2.0 0.66 2.66 2.66 2.33 1.33 2.33     0.19 0.38 0.44 1.0 1.0 4.0 1.66 0.66 3.66     X

% FC Porto B - Vitoria de Guimaraes B, 2019-01-13, Segunda Liga, 372183
0.38 0.19 0.44 5.0 1.0 0.0 3.33 1.33 1.33 4.0 0.0 2.0     0.31 0.31 0.38 2.0 2.0 2.0 0.66 2.66 2.66     1

% Athletic Bilbao - Sevilla, 2019-01-13, Liga BBVA, 372410
0.17 0.56 0.28 1.0 3.0 2.0 1.0 4.0 1.0 2.0 0.0 4.0     0.50 0.33 0.17 1.66 3.66 0.66 1.0 4.0 1.0     1

% Atletico Madrid - Levante, 2019-01-13, Liga BBVA, 372411
0.50 0.44 0.06 3.33 2.33 0.33 3.0 2.0 1.0 3.66 0.66 1.66     0.33 0.28 0.39 0.0 3.0 3.0 1.66 2.66 1.66     1

% Barcelona - Eibar, 2019-01-13, Liga BBVA, 372415
0.67 0.22 0.11 4.33 1.33 0.33 3.33 1.33 1.33 6.0 0.0 0.0     0.28 0.39 0.33 2.0 4.0 0.0 1.33 2.33 2.33     1

% Real Betis - Real Madrid, 2019-01-13, Liga BBVA, 372418
0.39 0.28 0.33 3.0 2.0 1.0 2.66 2.66 0.66 1.0 1.0 4.0     0.50 0.17 0.33 3.33 1.33 1.33 2.66 1.66 1.66     2

% Alcorcon - Almeria, 2019-01-13, Liga Adelante, 372426
0.50 0.20 0.30 1.0 1.0 4.0 3.33 1.33 1.33 1.0 4.0 1.0     0.35 0.35 0.30 1.0 4.0 1.0 0.33 3.33 2.33     X

% Cordoba - Rayo Majadahonda, 2019-01-13, Liga Adelante, 372428
0.15 0.40 0.45 1.0 2.0 3.0 2.66 1.66 1.66 2.0 2.0 2.0     0.30 0.15 0.55 0.0 2.0 4.0 1.33 0.33 4.33     X

% Elche - Gimnastic, 2019-01-13, Liga Adelante, 372429
0.20 0.45 0.35 1.0 2.0 3.0 2.0 3.0 1.0 2.66 1.66 1.66     0.20 0.20 0.60 1.0 1.0 4.0 1.0 0.0 5.0     1

% Lugo - Extremadura, 2019-01-13, Liga Adelante, 372431
0.25 0.35 0.40 2.0 2.0 2.0 2.33 1.33 2.33 2.0 2.0 2.0     0.25 0.25 0.50 3.0 0.0 3.0 1.66 1.66 2.66     X

% Real Zaragoza - Malaga, 2019-01-13, Liga Adelante, 372434
0.25 0.35 0.40 2.0 2.0 2.0 1.33 3.33 1.33 2.0 2.0 2.0     0.55 0.15 0.30 2.0 2.0 2.0 0.0 3.0 3.0     2

% Academico Viseu - Farense, 2019-01-13, Segunda Liga, 373988
0.27 0.27 0.47 2.0 1.0 3.0 2.66 1.66 1.66 2.0 2.0 2.0     0.38 0.31 0.31 2.0 2.0 2.0 2.33 2.33 1.33     1

% Nantes - Rennes, 2019-01-13, Ligue 1, 378477
0.33 0.28 0.39 4.0 1.0 1.0 4.33 1.33 0.33 0.0 2.0 4.0     0.39 0.28 0.33 4.0 1.0 1.0 3.0 2.0 1.0     2

% Toulouse - Strasbourg, 2019-01-13, Ligue 1, 378478
0.28 0.33 0.39 4.0 0.0 2.0 3.33 1.33 1.33 1.33 2.33 2.33     0.32 0.42 0.26 1.0 4.0 1.0 1.0 3.0 2.0     2

% Nacional - Belenenses, 2019-01-13, Primeira Liga, 378480
0.31 0.25 0.44 3.0 1.0 2.0 3.0 2.0 1.0 1.66 3.66 0.66     0.38 0.44 0.19 3.0 2.0 1.0 1.33 3.33 1.33     2

% Chaves - Tondela, 2019-01-13, Primeira Liga, 378481
0.13 0.19 0.69 0.0 1.0 5.0 0.66 1.66 3.66 1.33 2.33 2.33     0.31 0.19 0.50 3.0 0.0 3.0 2.66 0.66 2.66     1

% Rio Ave - Vitoria de Setubal, 2019-01-13, Primeira Liga, 378482
0.31 0.25 0.44 0.0 1.0 5.0 0.66 2.66 2.66 3.0 2.0 1.0     0.31 0.19 0.50 2.0 0.0 4.0 2.33 0.33 3.33     X

% CD Cova da Piedade - Pacos de Ferreira, 2019-01-13, Segunda Liga, 378483
0.25 0.31 0.44 2.0 1.0 3.0 2.33 1.33 2.33 2.0 2.0 2.0     0.75 0.06 0.19 5.0 0.0 1.0 4.0 1.0 1.0     2

% Barcelona - Eibar, 2019-01-13, Liga BBVA, 378849
0.67 0.22 0.11 4.33 1.33 0.33 3.33 1.33 1.33 6.0 0.0 0.0     0.28 0.39 0.33 2.0 4.0 0.0 1.33 2.33 2.33     1

% Nantes - Rennes, 2019-01-13, Ligue 1, 378853
0.33 0.28 0.39 4.0 1.0 1.0 4.33 1.33 0.33 0.0 2.0 4.0     0.39 0.28 0.33 4.0 1.0 1.0 3.0 2.0 1.0     2

% Toulouse - Strasbourg, 2019-01-13, Ligue 1, 378854
0.28 0.33 0.39 4.0 0.0 2.0 3.33 1.33 1.33 1.33 2.33 2.33     0.32 0.42 0.26 1.0 4.0 1.0 1.0 3.0 2.0     2

% Marseille - Monaco, 2019-01-13, Ligue 1, 378855
0.47 0.18 0.35 1.33 1.33 3.33 1.66 1.66 2.66 0.0 2.0 4.0     0.17 0.22 0.61 1.33 1.33 3.33 2.33 1.33 2.33     X

% Nacional - Belenenses, 2019-01-13, Primeira Liga, 378859
0.31 0.25 0.44 3.0 1.0 2.0 3.0 2.0 1.0 1.66 3.66 0.66     0.38 0.44 0.19 3.0 2.0 1.0 1.33 3.33 1.33     2

% Chaves - Tondela, 2019-01-13, Primeira Liga, 378860
0.13 0.19 0.69 0.0 1.0 5.0 0.66 1.66 3.66 1.33 2.33 2.33     0.31 0.19 0.50 3.0 0.0 3.0 2.66 0.66 2.66     1

% Benfica B - Braga B, 2019-01-13, Segunda Liga, 378862
0.53 0.27 0.20 3.0 2.0 1.0 5.33 0.33 0.33 2.0 2.0 2.0     0.25 0.06 0.69 1.0 0.0 5.0 0.66 0.66 4.66     2

% Academica - Varzim, 2019-01-13, Segunda Liga, 378863
0.44 0.19 0.38 3.0 1.0 2.0 2.33 0.33 3.33 3.66 0.66 1.66     0.38 0.25 0.38 3.0 1.0 2.0 2.66 1.66 1.66     1

% Arouca - Oliveirense, 2019-01-13, Segunda Liga, 378864
0.19 0.31 0.50 0.0 4.0 2.0 0.66 2.66 2.66 2.33 1.33 2.33     0.19 0.38 0.44 1.0 1.0 4.0 1.66 0.66 3.66     X

% Dijon - Montpellier, 2019-01-13, Ligue 1, 378971
0.22 0.22 0.56 1.0 2.0 3.0 1.66 1.66 2.66 2.33 3.33 0.33     0.44 0.33 0.22 3.0 2.0 1.0 2.66 1.66 1.66     X

% Manchester City - Wolverhampton Wanderers, 2019-01-14, Premier League, 371452
0.76 0.10 0.14 3.0 0.0 3.0 3.0 1.0 2.0 1.66 2.66 1.66     0.38 0.24 0.38 3.0 1.0 2.0 3.0 2.0 1.0     1

% Real Sociedad - RCD Espanyol, 2019-01-14, Liga BBVA, 378538
0.33 0.22 0.44 2.0 0.0 4.0 1.66 1.66 2.66 2.0 2.0 2.0     0.39 0.17 0.44 3.0 1.0 2.0 1.66 2.66 1.66     1

% Red Star - Lens, 2019-01-14, Ligue 2, 378539
0.16 0.21 0.63 1.0 1.0 4.0 1.66 0.66 3.66 0.33 1.33 4.33     0.47 0.26 0.26 1.0 3.0 2.0 1.0 3.0 2.0     1

% Famalicao - Estoril, 2019-01-14, Segunda Liga, 378540
0.63 0.25 0.13 4.0 2.0 0.0 1.66 3.66 0.66 2.0 2.0 2.0     0.56 0.19 0.25 3.0 1.0 2.0 2.66 1.66 1.66     1

% Red Star - Lens, 2019-01-14, Ligue 2, 378870
0.16 0.21 0.63 1.0 1.0 4.0 1.66 0.66 3.66 0.33 1.33 4.33     0.47 0.26 0.26 1.0 3.0 2.0 1.0 3.0 2.0     1

% Mansfield Town - Crawley Town, 2019-01-15, League 2, 376275
0.42 0.46 0.12 4.0 1.0 1.0 3.33 1.33 1.33 3.0 2.0 1.0     0.37 0.11 0.52 1.0 1.0 4.0 0.33 1.33 4.33     1

% Angers - Bordeaux, 2019-01-15, Ligue 1, 378602
0.22 0.44 0.33 0.0 4.0 2.0 0.33 3.33 2.33 3.0 3.0 0.0     0.28 0.39 0.33 1.66 2.66 1.66 1.33 2.33 2.33     2

% Le Havre - Valenciennes, 2019-01-15, Ligue 2, 378603
0.37 0.37 0.26 1.33 3.33 1.33 2.33 2.33 1.33 3.33 2.33 0.33     0.26 0.26 0.47 1.0 2.0 3.0 1.33 1.33 3.33     1

% Monaco - Nice, 2019-01-16, Ligue 1, 378888
0.17 0.22 0.61 1.33 1.33 3.33 1.0 2.0 3.0 4.0 1.0 1.0     0.42 0.26 0.32 3.0 2.0 1.0 2.0 2.0 2.0     X

% Guingamp - Rennes, 2019-01-16, Ligue 1, 378889
0.11 0.26 0.63 1.0 1.0 4.0 0.66 2.66 2.66 4.0 1.0 1.0     0.42 0.26 0.32 5.0 1.0 0.0 3.66 1.66 0.66     1

% Toulouse - Lyon, 2019-01-16, Ligue 1, 378890
0.26 0.32 0.42 4.0 0.0 2.0 3.0 1.0 2.0 0.0 0.0 6.0     0.47 0.32 0.21 1.33 3.33 1.33 1.33 3.33 1.33     X

% Nimes - Nantes, 2019-01-16, Ligue 1, 378891
0.33 0.28 0.39 4.0 0.0 2.0 2.0 2.0 2.0 2.0 2.0 2.0     0.32 0.26 0.42 3.0 1.0 2.0 2.33 1.33 2.33     1

% Saint-Etienne - Marseille, 2019-01-16, Ligue 1, 378976
0.47 0.32 0.21 3.0 1.0 2.0 3.66 1.66 0.66 1.0 3.0 2.0     0.47 0.18 0.35 1.33 1.33 3.33 1.66 1.66 2.66     1

% Benfica B - Academico Viseu, 2019-01-16, Segunda Liga, 378977
0.50 0.25 0.25 2.0 2.0 2.0 4.33 0.33 1.33 1.33 1.33 3.33     0.31 0.25 0.44 2.0 1.0 3.0 1.0 2.0 3.0     1

% Auxerre - Orleans, 2019-01-18, Ligue 2, 371589
0.35 0.25 0.40 4.0 1.0 1.0 3.0 1.0 2.0 2.66 0.66 2.66     0.40 0.10 0.50 1.0 1.0 4.0 2.0 1.0 3.0     1

% AS Beziers - Troyes, 2019-01-18, Ligue 2, 371590
0.25 0.15 0.60 1.0 1.0 4.0 0.66 1.66 3.66 2.66 1.66 1.66     0.45 0.15 0.40 3.0 2.0 1.0 2.0 3.0 1.0     X

% Metz - Clermont Foot, 2019-01-18, Ligue 2, 371593
0.74 0.11 0.16 6.0 0.0 0.0 4.0 1.0 1.0 2.0 2.0 2.0     0.40 0.40 0.20 3.0 2.0 1.0 2.66 1.66 1.66     2

% Sochaux - AC Ajaccio, 2019-01-18, Ligue 2, 371594
0.30 0.10 0.60 2.0 0.0 4.0 3.0 1.0 2.0 3.0 1.0 2.0     0.30 0.30 0.40 2.0 2.0 2.0 2.33 1.33 2.33     X

% Chateauroux - Valenciennes, 2019-01-18, Ligue 2, 371595
0.25 0.35 0.40 2.0 1.0 3.0 1.66 1.66 2.66 2.0 2.0 2.0     0.26 0.26 0.47 1.0 2.0 3.0 1.33 1.33 3.33     X

% Hoffenheim - FC Bayern München, 2019-01-18, Bundesliga, 371663
0.35 0.41 0.24 1.0 5.0 0.0 1.33 3.33 1.33 2.0 2.0 2.0     0.65 0.18 0.18 5.0 1.0 0.0 3.66 0.66 1.66     2

% Lorient - GFC Ajaccio, 2019-01-18, Ligue 2, 376452
0.45 0.35 0.20 3.0 2.0 1.0 3.0 2.0 1.0 4.0 2.0 0.0     0.30 0.20 0.50 2.0 2.0 2.0 2.66 1.66 1.66     2

% Norwich City - Birmingham City, 2019-01-18, Championship, 379089
0.52 0.30 0.19 1.0 4.0 1.0 2.0 2.0 2.0 3.66 1.66 0.66     0.33 0.44 0.22 2.0 3.0 1.0 2.66 2.66 0.66     1

% Palermo - Salernitana, 2019-01-18, Serie B, 379090
0.56 0.39 0.06 3.0 3.0 0.0 2.33 3.33 0.33 3.33 1.33 1.33     0.33 0.33 0.33 0.0 1.0 5.0 0.0 3.0 3.0     2

% Getafe - Deportivo Alaves, 2019-01-18, Liga BBVA, 379091
0.37 0.37 0.26 2.0 2.0 2.0 2.66 0.66 2.66 1.66 2.66 1.66     0.47 0.26 0.26 2.0 3.0 1.0 1.66 1.66 2.66     1

% Lille - Amiens, 2019-01-18, Ligue 1, 379092
0.55 0.20 0.25 3.0 1.0 2.0 2.66 1.66 1.66 1.33 1.33 3.33     0.25 0.15 0.60 1.0 2.0 3.0 2.33 1.33 2.33     1

% Chaves - FC Porto, 2019-01-18, Primeira Liga, 379093
0.18 0.18 0.65 1.0 1.0 4.0 1.66 1.66 2.66 0.0 1.0 5.0     0.82 0.06 0.12 5.0 1.0 0.0 3.66 1.66 0.66     2

% Vitoria de Guimaraes - Benfica, 2019-01-18, Primeira Liga, 379095
0.47 0.24 0.29 4.0 1.0 1.0 4.66 0.66 0.66 0.0 0.0 6.0     0.71 0.12 0.18 5.0 0.0 1.0 3.66 0.66 1.66     2

% Wolverhampton Wanderers - Leicester City, 2019-01-19, Premier League, 373145
0.38 0.24 0.38 3.0 1.0 2.0 2.66 0.66 2.66 2.33 1.33 2.33     0.41 0.18 0.41 3.0 0.0 3.0 3.0 1.0 2.0     1

% AFC Bournemouth - West Ham United, 2019-01-19, Premier League, 373146
0.36 0.14 0.50 1.0 1.0 4.0 2.66 1.66 1.66 3.0 2.0 1.0     0.41 0.18 0.41 3.0 1.0 2.0 3.0 1.0 2.0     1

% Liverpool - Crystal Palace, 2019-01-19, Premier League, 373147
0.82 0.14 0.05 5.0 0.0 1.0 4.0 1.0 1.0 5.0 0.0 1.0     0.27 0.18 0.55 3.0 1.0 2.0 2.66 0.66 2.66     1

% Manchester United - Brighton &amp; Hove Albion, 2019-01-19, Premier League, 373148
0.55 0.23 0.23 5.0 0.0 1.0 3.66 1.66 0.66 2.66 0.66 2.66     0.32 0.23 0.45 1.0 2.0 3.0 1.0 2.0 3.0     1

% Newcastle United - Cardiff City, 2019-01-19, Premier League, 373149
0.18 0.27 0.55 1.0 2.0 3.0 1.0 2.0 3.0 3.0 2.0 1.0     0.23 0.18 0.59 1.0 2.0 3.0 1.66 1.66 2.66     1

% Southampton - Everton, 2019-01-19, Premier League, 373150
0.18 0.32 0.50 3.0 1.0 2.0 1.66 1.66 2.66 2.0 2.0 2.0     0.36 0.27 0.36 2.0 0.0 4.0 1.66 0.66 3.66     1

% Watford - Burnley, 2019-01-19, Premier League, 373151
0.41 0.23 0.36 3.0 2.0 1.0 1.66 1.66 2.66 2.66 0.66 2.66     0.27 0.14 0.59 3.0 0.0 3.0 1.66 0.66 3.66     X

% Arsenal - Chelsea, 2019-01-19, Premier League, 373152
0.55 0.23 0.23 2.0 1.0 3.0 4.0 1.0 1.0 1.0 3.0 2.0     0.64 0.23 0.14 3.33 1.33 1.33 3.33 1.33 1.33     1

% Aston Villa - Hull City, 2019-01-19, Championship, 373155
0.33 0.41 0.26 1.0 4.0 1.0 1.33 3.33 1.33 2.0 3.0 1.0     0.41 0.22 0.37 6.0 0.0 0.0 3.66 1.66 0.66     X

% Blackburn Rovers - Ipswich Town, 2019-01-19, Championship, 373156
0.33 0.37 0.30 2.0 1.0 3.0 2.0 2.0 2.0 1.33 2.33 2.33     0.11 0.33 0.56 2.0 1.0 3.0 0.66 0.66 4.66     1

% Derby County - Reading, 2019-01-19, Championship, 373158
0.44 0.26 0.30 3.0 2.0 1.0 2.0 3.0 1.0 2.0 3.0 1.0     0.19 0.30 0.52 1.0 2.0 3.0 0.66 2.66 2.66     1

% Middlesbrough - Millwall, 2019-01-19, Championship, 373159
0.44 0.37 0.19 3.0 1.0 2.0 1.66 1.66 2.66 2.0 2.0 2.0     0.26 0.26 0.48 3.0 0.0 3.0 1.66 1.66 2.66     X

% Nottingham Forest - Bristol City, 2019-01-19, Championship, 373161
0.33 0.44 0.22 1.0 1.0 4.0 2.66 0.66 2.66 1.0 2.0 3.0     0.41 0.30 0.30 3.0 3.0 0.0 3.66 1.66 0.66     2

% Queens Park Rangers - Preston North End, 2019-01-19, Championship, 373162
0.41 0.22 0.37 3.0 2.0 1.0 2.66 1.66 1.66 0.0 2.0 4.0     0.26 0.33 0.41 1.0 2.0 3.0 1.66 0.66 3.66     2

% Sheffield Wednesday - Wigan Athletic, 2019-01-19, Championship, 373164
0.30 0.30 0.41 2.0 2.0 2.0 2.66 2.66 0.66 2.33 1.33 2.33     0.30 0.19 0.52 1.0 1.0 4.0 0.66 2.66 2.66     1

% Stoke City - Leeds United, 2019-01-19, Championship, 373165
0.30 0.41 0.30 1.0 2.0 3.0 3.0 1.0 2.0 1.66 1.66 2.66     0.59 0.22 0.19 4.0 0.0 2.0 2.66 0.66 2.66     1

% Swansea City - Sheffield United, 2019-01-19, Championship, 373166
0.37 0.26 0.37 2.0 2.0 2.0 2.0 2.0 2.0 2.66 1.66 1.66     0.56 0.19 0.26 5.0 1.0 0.0 3.33 2.33 0.33     1

% AFC Wimbledon - Barnsley, 2019-01-19, League 1, 373167
0.22 0.19 0.59 2.0 2.0 2.0 2.0 3.0 1.0 1.66 2.66 1.66     0.54 0.27 0.19 4.0 2.0 0.0 1.66 1.66 2.66     2

% Blackpool - Shrewsbury Town, 2019-01-19, League 1, 373168
0.38 0.31 0.31 1.0 1.0 4.0 2.0 1.0 3.0 0.33 2.33 3.33     0.26 0.33 0.41 1.0 3.0 2.0 1.0 2.0 3.0     X

% Bradford City - Southend United, 2019-01-19, League 1, 373169
0.30 0.11 0.59 4.0 0.0 2.0 4.66 0.66 0.66 2.0 1.0 3.0     0.41 0.07 0.52 3.0 0.0 3.0 2.0 1.0 3.0     2

% Bristol Rovers - Wycombe Wanderers, 2019-01-19, League 1, 373170
0.26 0.26 0.48 3.0 2.0 1.0 1.66 1.66 2.66 4.33 0.33 1.33     0.33 0.30 0.37 1.0 1.0 4.0 1.33 2.33 2.33     2

% Charlton Athletic - Accrington Stanley, 2019-01-19, League 1, 373171
0.54 0.18 0.29 4.0 0.0 2.0 4.0 1.0 1.0 1.66 2.66 1.66     0.35 0.31 0.35 2.0 1.0 3.0 2.0 1.0 3.0     1

% Doncaster Rovers - Burton Albion, 2019-01-19, League 1, 373172
0.48 0.22 0.30 3.0 1.0 2.0 3.66 1.66 0.66 1.0 3.0 2.0     0.37 0.19 0.44 1.0 2.0 3.0 1.0 2.0 3.0     X

% Gillingham - Walsall, 2019-01-19, League 1, 373173
0.33 0.15 0.52 2.0 1.0 3.0 2.0 2.0 2.0 2.0 2.0 2.0     0.30 0.30 0.41 0.0 2.0 4.0 1.0 2.0 3.0     2

% Luton Town - Peterborough United, 2019-01-19, League 1, 373174
0.56 0.30 0.15 3.0 3.0 0.0 3.66 1.66 0.66 1.0 1.0 4.0     0.48 0.30 0.22 2.0 2.0 2.0 2.0 2.0 2.0     1

% Oxford United - Portsmouth, 2019-01-19, League 1, 373175
0.22 0.33 0.44 1.0 2.0 3.0 2.0 1.0 3.0 2.33 1.33 2.33     0.63 0.22 0.15 3.0 1.0 2.0 2.0 2.0 2.0     1

% Plymouth Argyle - Coventry City, 2019-01-19, League 1, 373176
0.26 0.22 0.52 3.0 1.0 2.0 2.66 1.66 1.66 1.66 1.66 2.66     0.39 0.21 0.39 3.0 1.0 2.0 1.33 0.33 4.33     1

% Rochdale - Fleetwood Town, 2019-01-19, League 1, 373177
0.29 0.21 0.50 2.0 0.0 4.0 2.0 1.0 3.0 2.0 3.0 1.0     0.33 0.30 0.37 2.0 2.0 2.0 1.0 2.0 3.0     X

% Scunthorpe United - Sunderland, 2019-01-19, League 1, 373178
0.32 0.21 0.46 3.0 0.0 3.0 1.66 0.66 3.66 1.33 2.33 2.33     0.54 0.38 0.08 3.0 2.0 1.0 2.33 1.33 2.33     X

% Lincoln City - Grimsby Town, 2019-01-19, League 2, 373179
0.58 0.27 0.15 3.0 2.0 1.0 3.0 2.0 1.0 2.33 2.33 1.33     0.37 0.15 0.48 4.0 0.0 2.0 3.0 1.0 2.0     1

% Cambridge United - Northampton Town, 2019-01-19, League 2, 373180
0.29 0.18 0.54 2.0 1.0 3.0 1.66 2.66 1.66 2.0 3.0 1.0     0.26 0.44 0.30 1.0 4.0 1.0 1.66 1.66 2.66     1

% Carlisle United - Cheltenham Town, 2019-01-19, League 2, 373181
0.50 0.11 0.39 5.0 0.0 1.0 3.66 0.66 1.66 3.66 0.66 1.66     0.26 0.30 0.44 2.0 3.0 1.0 1.66 2.66 1.66     1

% Colchester United - Mansfield Town, 2019-01-19, League 2, 373182
0.46 0.25 0.29 2.0 1.0 3.0 1.66 2.66 1.66 2.33 3.33 0.33     0.42 0.46 0.12 4.0 1.0 1.0 3.0 2.0 1.0     2

% Crawley Town - Port Vale, 2019-01-19, League 2, 373183
0.37 0.11 0.52 1.0 1.0 4.0 2.66 0.66 2.66 2.0 1.0 3.0     0.26 0.30 0.44 0.0 3.0 3.0 1.66 3.66 0.66     2

% Forest Green Rovers - Bury, 2019-01-19, League 2, 373184
0.42 0.42 0.15 4.0 2.0 0.0 2.66 0.66 2.66 1.66 2.66 1.66     0.50 0.25 0.25 3.0 1.0 2.0 1.0 2.0 3.0     2

% Macclesfield Town - Oldham Athletic, 2019-01-19, League 2, 373185
0.21 0.21 0.57 3.0 2.0 1.0 2.66 2.66 0.66 1.66 1.66 2.66     0.37 0.33 0.30 3.0 1.0 2.0 3.0 1.0 2.0     1

% Milton Keynes Dons - Crewe Alexandra, 2019-01-19, League 2, 373186
0.50 0.31 0.19 2.0 1.0 3.0 4.33 0.33 1.33 1.66 2.66 1.66     0.36 0.18 0.46 3.0 0.0 3.0 0.66 0.66 4.66     2

% Morecambe - Stevenage, 2019-01-19, League 2, 373187
0.25 0.25 0.50 1.0 2.0 3.0 1.66 2.66 1.66 1.0 1.0 4.0     0.43 0.18 0.39 3.0 1.0 2.0 1.33 1.33 3.33     2

% Newport County - Exeter City, 2019-01-19, League 2, 373188
0.38 0.23 0.38 0.0 1.0 5.0 2.0 2.0 2.0 2.0 2.0 2.0     0.44 0.30 0.26 4.0 1.0 1.0 2.66 1.66 1.66     1

% Tranmere Rovers - Swindon Town, 2019-01-19, League 2, 373189
0.41 0.33 0.26 2.0 2.0 2.0 3.0 2.0 1.0 1.66 1.66 2.66     0.32 0.36 0.32 0.0 4.0 2.0 1.66 2.66 1.66     2

% Yeovil Town - Notts County, 2019-01-19, League 2, 373190
0.23 0.35 0.42 1.0 3.0 2.0 0.66 1.66 3.66 3.0 2.0 1.0     0.14 0.32 0.54 1.0 1.0 4.0 0.66 1.66 3.66     1

% Monaco - Strasbourg, 2019-01-19, Ligue 1, 373332
0.17 0.22 0.61 1.33 1.33 3.33 1.0 2.0 3.0 3.0 1.0 2.0     0.35 0.40 0.25 2.0 3.0 1.0 1.66 2.66 1.66     2

% Angers - Nantes, 2019-01-19, Ligue 1, 373334
0.22 0.44 0.33 0.0 4.0 2.0 0.33 3.33 2.33 0.0 2.0 4.0     0.32 0.26 0.42 3.0 1.0 2.0 2.33 1.33 2.33     1

% Bordeaux - Dijon, 2019-01-19, Ligue 1, 373335
0.28 0.39 0.33 1.66 2.66 1.66 2.33 2.33 1.33 3.0 2.0 1.0     0.21 0.26 0.53 1.0 2.0 3.0 1.0 2.0 3.0     1

% Nimes - Toulouse, 2019-01-19, Ligue 1, 373338
0.33 0.28 0.39 4.0 0.0 2.0 2.0 2.0 2.0 2.0 2.0 2.0     0.26 0.32 0.42 4.0 0.0 2.0 3.0 1.0 2.0     2

% Paris Saint-Germain - Guingamp, 2019-01-19, Ligue 1, 373339
0.89 0.11 0.00 4.33 1.33 0.33 4.0 1.0 1.0 1.66 1.66 2.66     0.11 0.26 0.63 1.0 1.0 4.0 1.66 0.66 3.66     1

% Reims - Nice, 2019-01-19, Ligue 1, 373341
0.30 0.45 0.25 2.0 2.0 2.0 3.0 2.0 1.0 2.0 2.0 2.0     0.42 0.26 0.32 3.0 2.0 1.0 2.0 2.0 2.0     X

% Bayer Leverkusen - Borussia Mönchengladbach, 2019-01-19, Bundesliga, 373389
0.41 0.18 0.41 4.0 1.0 1.0 4.0 1.0 1.0 2.66 1.66 1.66     0.59 0.18 0.24 3.0 1.0 2.0 1.0 2.0 3.0     2

% Eintracht Frankfurt - Freiburg, 2019-01-19, Bundesliga, 373390
0.47 0.18 0.35 2.0 1.0 3.0 2.0 1.0 3.0 1.33 2.33 2.33     0.29 0.35 0.35 2.0 2.0 2.0 1.66 1.66 2.66     1

% Augsburg - Fortuna Düsseldorf, 2019-01-19, Bundesliga, 373391
0.18 0.35 0.47 1.0 2.0 3.0 1.33 3.33 1.33 2.0 2.0 2.0     0.29 0.18 0.53 2.0 1.0 3.0 1.66 1.66 2.66     2

% Hannover 96 - Werder Bremen, 2019-01-19, Bundesliga, 373392
0.12 0.29 0.59 0.0 2.0 4.0 1.66 0.66 3.66 2.33 1.33 2.33     0.35 0.24 0.41 1.0 2.0 3.0 0.66 1.66 3.66     2

% VfB Stuttgart - Mainz 05, 2019-01-19, Bundesliga, 373393
0.24 0.12 0.65 3.0 0.0 3.0 2.66 0.66 2.66 1.0 1.0 4.0     0.29 0.35 0.35 2.0 2.0 2.0 2.33 1.33 2.33     2

% RasenBallsport Leipzig - Borussia Dortmund, 2019-01-19, Bundesliga, 373394
0.53 0.24 0.24 3.0 0.0 3.0 4.0 1.0 1.0 1.66 1.66 2.66     0.76 0.18 0.06 5.33 0.33 0.33 3.33 1.33 1.33     2

% Carpi - Foggia, 2019-01-19, Serie B, 373633
0.22 0.28 0.50 3.0 1.0 2.0 1.66 1.66 2.66 1.0 1.0 4.0     0.28 0.33 0.39 1.0 3.0 2.0 0.33 2.33 3.33     2

% Crotone - Cittadella, 2019-01-19, Serie B, 373635
0.17 0.22 0.61 0.0 1.0 5.0 0.33 3.33 2.33 1.66 1.66 2.66     0.33 0.44 0.22 1.0 3.0 2.0 0.33 4.33 1.33     X

% Perugia - Brescia, 2019-01-19, Serie B, 373636
0.39 0.28 0.33 2.0 2.0 2.0 4.33 1.33 0.33 3.0 2.0 1.0     0.44 0.44 0.11 3.0 2.0 1.0 1.0 4.0 1.0     2

% Spezia - Venezia, 2019-01-19, Serie B, 373638
0.39 0.28 0.33 2.0 3.0 1.0 2.33 2.33 1.33 1.0 3.0 2.0     0.28 0.33 0.39 2.0 3.0 1.0 1.0 3.0 2.0     X

% Lecce - Benevento, 2019-01-19, Serie B, 373639
0.44 0.33 0.22 2.0 2.0 2.0 2.66 1.66 1.66 2.33 1.33 2.33     0.44 0.28 0.28 2.0 3.0 1.0 2.0 3.0 1.0     X

% Boavista - Portimonense, 2019-01-19, Primeira Liga, 373968
0.24 0.24 0.53 2.0 1.0 3.0 2.33 1.33 2.33 3.0 1.0 2.0     0.41 0.18 0.41 3.0 1.0 2.0 2.66 0.66 2.66     2

% Belenenses - Tondela, 2019-01-19, Primeira Liga, 373972
0.41 0.41 0.18 4.0 1.0 1.0 4.0 1.0 1.0 1.0 3.0 2.0     0.29 0.18 0.53 3.0 0.0 3.0 2.33 0.33 3.33     X

% Sporting CP - Moreirense, 2019-01-19, Primeira Liga, 373975
0.65 0.12 0.24 3.0 1.0 2.0 3.66 1.66 0.66 5.0 1.0 0.0     0.53 0.06 0.41 4.0 0.0 2.0 3.33 0.33 2.33     1

% CD Cova da Piedade - Vitoria de Guimaraes B, 2019-01-19, Segunda Liga, 373991
0.24 0.29 0.47 2.0 0.0 4.0 2.0 1.0 3.0 2.0 2.0 2.0     0.29 0.29 0.41 2.0 1.0 3.0 0.66 2.66 2.66     1

% Famalicao - Farense, 2019-01-19, Segunda Liga, 373994
0.63 0.25 0.13 4.0 2.0 0.0 1.66 3.66 0.66 2.0 2.0 2.0     0.35 0.29 0.35 2.0 1.0 3.0 2.0 2.0 2.0     X

% FC Porto B - Estoril, 2019-01-19, Segunda Liga, 373995
0.41 0.18 0.41 5.0 1.0 0.0 4.33 1.33 0.33 1.66 1.66 2.66     0.56 0.19 0.25 3.0 1.0 2.0 2.66 1.66 1.66     1

% Braga B - Pacos de Ferreira, 2019-01-19, Segunda Liga, 373997
0.29 0.06 0.65 2.0 0.0 4.0 2.33 0.33 3.33 1.66 1.66 2.66     0.76 0.06 0.18 5.0 0.0 1.0 4.66 0.66 0.66     1

% Roma - Torino, 2019-01-19, Serie A, 379180
0.42 0.32 0.26 3.0 2.0 1.0 3.0 2.0 1.0 5.0 0.0 1.0     0.32 0.47 0.21 2.0 3.0 1.0 1.33 4.33 0.33     1

% Udinese - Parma, 2019-01-19, Serie A, 379181
0.21 0.32 0.47 1.0 3.0 2.0 2.33 1.33 2.33 2.0 2.0 2.0     0.37 0.21 0.42 1.0 2.0 3.0 1.66 0.66 3.66     2

% Inter - Sassuolo, 2019-01-19, Serie A, 379182
0.63 0.16 0.21 3.0 2.0 1.0 4.0 1.0 1.0 1.0 0.0 5.0     0.32 0.37 0.32 1.0 3.0 2.0 2.66 1.66 1.66     X

% Real Madrid - Sevilla, 2019-01-19, Liga BBVA, 379185
0.50 0.17 0.33 3.33 1.33 1.33 2.66 1.66 1.66 2.0 1.0 3.0     0.47 0.32 0.21 1.33 3.33 1.33 0.66 3.66 1.66     1

% SD Huesca - Atletico Madrid, 2019-01-19, Liga BBVA, 379186
0.11 0.26 0.63 1.0 2.0 3.0 1.33 3.33 1.33 1.66 1.66 2.66     0.53 0.42 0.05 4.0 2.0 0.0 2.33 2.33 1.33     2

% Celta Vigo - Valencia, 2019-01-19, Liga BBVA, 379187
0.26 0.32 0.42 0.0 1.0 5.0 1.66 1.66 2.66 3.0 1.0 2.0     0.21 0.58 0.21 1.66 2.66 1.66 1.33 2.33 2.33     2

% Almeria - Cadiz, 2019-01-19, Liga Adelante, 379188
0.33 0.38 0.29 0.0 5.0 1.0 2.0 3.0 1.0 0.33 1.33 4.33     0.43 0.29 0.29 4.0 1.0 1.0 3.0 1.0 2.0     X

% Numancia - Cordoba, 2019-01-19, Liga Adelante, 379189
0.24 0.38 0.38 1.0 2.0 3.0 2.33 0.33 3.33 1.0 5.0 0.0     0.14 0.43 0.43 1.0 3.0 2.0 0.33 3.33 2.33     1

% Rayo Majadahonda - Real Zaragoza, 2019-01-19, Liga Adelante, 379190
0.29 0.19 0.52 0.0 3.0 3.0 1.66 2.66 1.66 1.66 1.66 2.66     0.24 0.33 0.43 2.0 1.0 3.0 2.33 0.33 3.33     X

% Malaga - Lugo, 2019-01-19, Liga Adelante, 379191
0.57 0.14 0.29 3.0 2.0 1.0 4.66 0.66 0.66 2.66 1.66 1.66     0.24 0.38 0.38 2.0 3.0 1.0 0.66 2.66 2.66     1

% Reus - Las Palmas, 2019-01-19, Liga Adelante, 379192
0.24 0.29 0.48 1.0 2.0 3.0 1.0 3.0 2.0 1.66 1.66 2.66     0.29 0.48 0.24 1.0 3.0 2.0 0.66 1.66 3.66     2

% Lens - Nancy, 2019-01-19, Ligue 2, 379196
0.47 0.26 0.26 1.0 3.0 2.0 1.66 1.66 2.66 2.33 2.33 1.33     0.16 0.21 0.63 2.0 3.0 1.0 2.0 3.0 1.0     1

% Niort - Grenoble, 2019-01-19, Ligue 2, 379197
0.45 0.25 0.30 2.0 3.0 1.0 2.66 1.66 1.66 1.66 1.66 2.66     0.45 0.25 0.30 2.0 2.0 2.0 3.33 1.33 1.33     X

% Huddersfield Town - Manchester City, 2019-01-20, Premier League, 373153
0.09 0.23 0.68 0.0 1.0 5.0 0.66 0.66 4.66 0.33 2.33 3.33     0.76 0.10 0.14 3.0 0.0 3.0 2.0 1.0 3.0     2

% Fulham - Tottenham Hotspur, 2019-01-20, Premier League, 373154
0.14 0.23 0.64 1.0 2.0 3.0 1.66 2.66 1.66 1.33 1.33 3.33     0.73 0.00 0.27 4.0 0.0 2.0 3.33 1.33 1.33     2

% 1. FC Nürnberg - Hertha BSC, 2019-01-20, Bundesliga, 373395
0.12 0.29 0.59 0.0 3.0 3.0 1.0 3.0 2.0 2.0 2.0 2.0     0.35 0.35 0.29 2.0 2.0 2.0 1.66 1.66 2.66     2

% Schalke 04 - Wolfsburg, 2019-01-20, Bundesliga, 373396
0.29 0.18 0.53 2.0 2.0 2.0 2.0 1.0 3.0 4.0 1.0 1.0     0.47 0.24 0.29 3.0 1.0 2.0 3.0 1.0 2.0     1

% Napoli - Lazio, 2019-01-20, Serie A, 373601
0.74 0.11 0.16 5.0 0.0 1.0 3.66 1.66 0.66 2.0 2.0 2.0     0.47 0.26 0.26 2.0 3.0 1.0 2.0 2.0 2.0     1

% Fiorentina - Sampdoria, 2019-01-20, Serie A, 373602
0.32 0.42 0.26 2.0 2.0 2.0 1.66 1.66 2.66 1.0 3.0 2.0     0.42 0.26 0.32 4.0 1.0 1.0 1.33 2.33 2.33     X

% Cagliari - Empoli, 2019-01-20, Serie A, 373604
0.21 0.42 0.37 1.0 2.0 3.0 2.33 2.33 1.33 2.0 1.0 3.0     0.21 0.21 0.58 1.0 1.0 4.0 0.66 1.66 3.66     X

% Frosinone - Atalanta, 2019-01-20, Serie A, 373605
0.05 0.37 0.58 0.0 3.0 3.0 1.0 3.0 2.0 1.0 2.0 3.0     0.42 0.21 0.37 3.0 1.0 2.0 3.33 0.33 2.33     2

% Genoa - Milan, 2019-01-20, Serie A, 373606
0.26 0.26 0.47 1.0 2.0 3.0 1.33 4.33 0.33 1.66 1.66 2.66     0.42 0.37 0.21 2.0 3.0 1.0 1.0 4.0 1.0     2

% SPAL - Bologna, 2019-01-20, Serie A, 373609
0.21 0.26 0.53 0.0 4.0 2.0 0.66 3.66 1.66 2.66 1.66 1.66     0.11 0.37 0.53 0.0 2.0 4.0 0.66 1.66 3.66     X

% Villarreal - Athletic Bilbao, 2019-01-20, Liga BBVA, 374127
0.16 0.42 0.42 1.0 3.0 2.0 2.0 2.0 2.0 2.0 2.0 2.0     0.21 0.53 0.26 2.0 3.0 1.0 1.66 1.66 2.66     X

% Barcelona - Leganes, 2019-01-20, Liga BBVA, 374128
0.68 0.21 0.11 5.0 1.0 0.0 4.0 1.0 1.0 3.66 0.66 1.66     0.26 0.37 0.37 2.0 3.0 1.0 1.0 2.0 3.0     1

% Rayo Vallecano - Real Sociedad, 2019-01-20, Liga BBVA, 374130
0.26 0.21 0.53 3.0 0.0 3.0 2.66 1.66 1.66 1.66 2.66 1.66     0.33 0.22 0.44 2.0 0.0 4.0 2.0 1.0 3.0     X

% Real Betis - Girona, 2019-01-20, Liga BBVA, 374131
0.39 0.28 0.33 3.0 2.0 1.0 2.66 2.66 0.66 3.0 2.0 1.0     0.26 0.47 0.26 1.0 4.0 1.0 2.66 1.66 1.66     1

% Eibar - RCD Espanyol, 2019-01-20, Liga BBVA, 374133
0.26 0.37 0.37 1.0 4.0 1.0 2.0 4.0 0.0 1.66 1.66 2.66     0.39 0.17 0.44 3.0 1.0 2.0 1.66 2.66 1.66     1

% Levante - Real Valladolid, 2019-01-20, Liga BBVA, 374134
0.32 0.26 0.42 0.0 2.0 4.0 1.66 1.66 2.66 1.66 1.66 2.66     0.26 0.37 0.37 1.0 2.0 3.0 1.33 2.33 2.33     1

% Deportivo La Coruna - Albacete, 2019-01-20, Liga Adelante, 374141
0.43 0.43 0.14 2.0 2.0 2.0 4.66 0.66 0.66 1.66 2.66 1.66     0.48 0.43 0.10 4.0 2.0 0.0 3.33 2.33 0.33     1

% Extremadura - Real Oviedo, 2019-01-20, Liga Adelante, 374142
0.24 0.29 0.48 3.0 1.0 2.0 2.33 0.33 3.33 1.66 2.66 1.66     0.38 0.29 0.33 3.0 2.0 1.0 1.33 1.33 3.33     2

% Granada - Elche, 2019-01-20, Liga Adelante, 374143
0.52 0.33 0.14 1.0 4.0 1.0 2.33 2.33 1.33 1.33 2.33 2.33     0.20 0.45 0.35 1.0 2.0 3.0 1.66 0.66 3.66     1

% Osasuna - Mallorca, 2019-01-20, Liga Adelante, 374146
0.48 0.24 0.29 4.0 0.0 2.0 4.66 0.66 0.66 2.0 2.0 2.0     0.43 0.29 0.29 4.0 1.0 1.0 1.0 3.0 2.0     1

% Sporting Gijon - Alcorcon, 2019-01-20, Liga Adelante, 374149
0.29 0.43 0.29 2.0 3.0 1.0 2.0 2.0 2.0 2.0 3.0 1.0     0.48 0.24 0.29 0.0 2.0 4.0 1.66 0.66 3.66     1

% Tenerife - Gimnastic, 2019-01-20, Liga Adelante, 374150
0.19 0.48 0.33 2.0 2.0 2.0 3.33 2.33 0.33 2.0 2.0 2.0     0.20 0.20 0.60 1.0 1.0 4.0 1.0 0.0 5.0     1

% Padova - Verona, 2019-01-20, Serie B, 379243
0.11 0.33 0.56 0.0 2.0 4.0 0.33 2.33 3.33 2.0 2.0 2.0     0.44 0.33 0.22 3.0 3.0 0.0 1.33 3.33 1.33     1

% Cosenza - Ascoli, 2019-01-20, Serie B, 379244
0.22 0.39 0.39 2.0 2.0 2.0 2.33 3.33 0.33 2.0 2.0 2.0     0.33 0.33 0.33 2.0 2.0 2.0 1.33 1.33 3.33     X

% Pescara - Cremonese, 2019-01-20, Serie B, 379245
0.50 0.28 0.22 4.0 0.0 2.0 4.33 0.33 1.33 1.0 4.0 1.0     0.28 0.39 0.33 2.0 1.0 3.0 0.66 1.66 3.66     X

% Rennes - Montpellier, 2019-01-20, Ligue 1, 379246
0.42 0.26 0.32 5.0 1.0 0.0 3.33 1.33 1.33 3.0 2.0 1.0     0.42 0.37 0.21 2.0 3.0 1.0 2.66 1.66 1.66     X

% Caen - Marseille, 2019-01-20, Ligue 1, 379247
0.15 0.45 0.40 1.0 2.0 3.0 1.33 0.33 4.33 0.0 0.0 6.0     0.47 0.18 0.35 1.33 1.33 3.33 1.66 1.66 2.66     2

% Saint-Etienne - Lyon, 2019-01-20, Ligue 1, 379248
0.47 0.32 0.21 3.0 1.0 2.0 3.66 1.66 0.66 2.0 1.0 3.0     0.47 0.32 0.21 1.33 3.33 1.33 1.33 3.33 1.33     2

% Aves - Vitoria de Setubal, 2019-01-20, Primeira Liga, 379249
0.18 0.18 0.65 0.0 2.0 4.0 0.66 2.66 2.66 2.0 1.0 3.0     0.31 0.19 0.50 2.0 0.0 4.0 2.33 0.33 3.33     1

% Santa Clara - Maritimo, 2019-01-20, Primeira Liga, 379250
0.35 0.18 0.47 2.0 1.0 3.0 0.33 0.33 5.33 1.66 1.66 2.66     0.29 0.12 0.59 2.0 1.0 3.0 1.66 1.66 2.66     2

% Rio Ave - Feirense, 2019-01-20, Primeira Liga, 379251
0.31 0.25 0.44 0.0 1.0 5.0 0.66 2.66 2.66 2.33 0.33 3.33     0.12 0.41 0.47 0.0 4.0 2.0 0.33 2.33 3.33     X

% Leixoes - Benfica B, 2019-01-20, Segunda Liga, 379252
0.35 0.18 0.47 2.0 0.0 4.0 3.66 0.66 1.66 3.0 1.0 2.0     0.50 0.25 0.25 2.0 2.0 2.0 1.33 2.33 2.33     1

% Academico Viseu - Sporting Covilha, 2019-01-20, Segunda Liga, 379253
0.31 0.25 0.44 2.0 1.0 3.0 3.33 1.33 1.33 2.0 3.0 1.0     0.24 0.24 0.53 2.0 1.0 3.0 1.66 0.66 3.66     X

% Mafra - Varzim, 2019-01-20, Segunda Liga, 379254
0.41 0.24 0.35 2.0 0.0 4.0 2.33 1.33 2.33 3.0 2.0 1.0     0.35 0.24 0.41 3.0 1.0 2.0 2.33 1.33 2.33     1

% Arouca - Penafiel, 2019-01-20, Segunda Liga, 379255
0.18 0.35 0.47 0.0 5.0 1.0 0.33 3.33 2.33 2.0 1.0 3.0     0.47 0.12 0.41 3.0 0.0 3.0 2.33 0.33 3.33     1

% Academica - Oliveirense, 2019-01-20, Segunda Liga, 379256
0.47 0.18 0.35 4.0 1.0 1.0 3.0 0.0 3.0 2.0 2.0 2.0     0.18 0.41 0.41 1.0 2.0 3.0 0.66 1.66 3.66     1
