%% T1_W T1_D T1_L T1_WLast6 T1_DLast6 T1_LLast6 T1_WHomeLast6 T1_DHomeLast6 T1_LHomeLast6 T1_W1v1_last6 T1_D1v1_last6 T1_L1v1_last6
%% T2_W T2_D T2_L T2_WLast6 T2_DLast6 T2_LLast6 T2_WAwayLast6 T2_DAwayLast6 T2_LAwayLast6
%% Label (1 == Home, X == Draw, 2 == Away)

% Насионал Мадейра - Витория Гимараеш 02.01.19 Pt1
4.0 4.0 6.0 3.0 2.0 1.0 2.0 1.0 3.0 2.0 3.0 1.0     7.0 4.0 3.0 4.0 2.0 0.0 3.0 2.0 1.0     1

% Боависта - Витория Сетубал 02.01.19 Pt1
3.0 4.0 7.0 1.0 3.0 2.0 2.0 1.0 3.0 4.0 2.0 0.0     5.0 2.0 7.0 2.0 0.0 4.0 2.0 2.0 2.0     1

% Спортинг Брага - Маритимо 02.01.19 Pt1
9.0 3.0 2.0 4.0 0.0 2.0 5.0 1.0 0.0 3.0 1.0 2.0     3.0 2.0 9.0 0.0 1.0 5.0 1.0 1.0 4.0     1

% Кардиф Сити - Тотнъм 01.01.19 PR
5.0 3.0 12.0 2.0 1.0 3.0 4.0 0.0 2.0 0.33 1.33 4.33     15.0 0.0 5.0 4.0 1.0 1.0 4.0 1.0 1.0     2

% Борнeмут - Уотфорд 02.01.19 PR
8.0 2.0 10.0 1.0 0.0 5.0 3.0 0.0 3.0 1.0 4.0 1.0     8.0 4.0 8.0 2.0 2.0 2.0 2.0 2.0 2.0     X

% Челси - Саутхямптън 02.01.19 PR
13.0 4.0 3.0 4.0 1.0 1.0 4.0 1.0 1.0 6.0 0.0 0.0     3.0 6.0 11.0 2.0 0.0 4.0 1.0 1.0 4.0     X

% Хъдърсфийлд Таун - Бърнли 02.01.19 PR
2.0 4.0 14.0 0.0 0.0 6.0 1.0 1.0 4.0 0.0 3.0 3.0     4.0 3.0 13.0 2.0 0.0 4.0 0.0 1.0 5.0     2

% Уест Хям - Брайтън 02.01.19 PR
8.0 3.0 9.0 4.0 0.0 2.0 3.0 0.0 3.0 3.0 0.0 3.0     7.0 4.0 9.0 2.0 1.0 3.0 2.0 0.0 4.0     X

% Уулвърхямптън - Кристъл Палас 02.01.19 PR
8.0 5.0 7.0 4.0 1.0 1.0 2.0 0.0 4.0 2.0 1.0 3.0     5.0 4.0 11.0 2.0 1.0 3.0 1.0 1.0 4.0     2

% Нюкясъл - Манчестър Юнайтед 02.01.19 PR
4.0 6.0 10.0 1.0 3.0 2.0 2.0 1.0 3.0 1.0 2.0 3.0     10.0 5.0 5.0 4.0 0.0 2.0 2.0 1.0 3.0     2

% Манчестър Сити - Ливърпул 03.01.19 PR
15.0 2.0 3.0 3.0 1.0 2.0 5.0 0.0 1.0 1.0 2.0 3.0     17.0 3.0 0.0 6.0 0.0 0.0 4.0 0.0 2.0     1

% Портимонензе - Бенфика 02.01.19 Pt1
6.0 2.0 6.0 3.0 1.0 2.0 4.0 2.0 0.0 0.66 1.66 3.66     10.0 2.0 2.0 5.0 0.0 1.0 3.0 0.0 3.0     1

% Рио Аве - Морейрензе 02.01.19 Pt1
5.0 4.0 5.0 0.0 2.0 4.0 3.0 2.0 1.0 3.0 1.0 2.0     7.0 1.0 6.0 4.0 0.0 2.0 2.0 0.0 4.0     2

% Шавеш - Фейрензе 03.01.19 Pt1
2.0 1.0 11.0 0.0 0.0 6.0 1.0 1.0 4.0 2.0 2.0 2.0     2.0 4.0 8.0 0.0 1.0 5.0 0.0 0.0 6.0     X

% Спортинг Лисабон - Беленензеш 03.01.19 Pt1
10.0 1.0 3.0 5.0 0.0 1.0 5.0 0.0 1.0 5.0 0.0 1.0     5.0 7.0 2.0 3.0 3.0 0.0 1.0 5.0 0.0     1

% Авеш - Порто 03.01.19 Pt1
3.0 2.0 9.0 2.0 1.0 3.0 2.0 1.0 3.0 0.0 1.0 5.0     12.0 0.0 2.0 6.0 0.0 0.0 5.0 0.0 1.0     2

% Виляреал - Реал Мадрид 03.01.19 Es1
3.0 6.0 7.0 2.0 2.0 2.0 4.0 1.0 1.0 2.0 2.0 2.0     9.0 2.0 5.0 5.0 0.0 1.0 5.0 0.0 1.0     X

% Леванте - Джирона 04.01.19 Es1
6.0 4.0 7.0 2.0 2.0 2.0 4.0 0.0 2.0 2.0 2.0 2.0     5.0 7.0 5.0 2.0 2.0 2.0 2.0 2.0 2.0     X

% Еспаньол - Леганес 04.01.19 Es1
6.0 3.0 8.0 1.0 0.0 5.0 3.0 0.0 3.0 2.66 0.66 2.66     4.0 7.0 6.0 3.0 3.0 0.0 2.0 3.0 1.0     1

% Валядолид - Райо Валекано 05.01.19 Es1
5.0 6.0 6.0 2.0 1.0 3.0 2.0 2.0 2.0 1.0 3.0 2.0     3.0 4.0 10.0 2.0 0.0 4.0 0.0 1.0 5.0     2

% Чарлтън - Съндърланд 05.01.19 L1
14.0 4.0 8.0 4.0 0.0 2.0 5.0 0.0 1.0 3.0 2.0 1.0     14.0 8.0 2.0 3.0 1.0 2.0 3.0 2.0 1.0     X

% Рочдейл - Бъртън Албион 05.01.19 L1
8.0 6.0 12.0 2.0 1.0 3.0 3.0 0.0 3.0 2.0 1.0 3.0     9.0 5.0 11.0 2.0 2.0 2.0 1.0 1.0 4.0     2

% Скънторп Юнайтед - Ковънтри 05.01.19 L1
7.0 6.0 13.0 2.0 0.0 4.0 2.0 1.0 3.0 5.0 1.0 0.0     11.0 5.0 10.0 3.0 0.0 3.0 1.0 0.0 5.0     1

% Гранада - Албасете  04.01.19 Es2
11.0 5.0 3.0 3.0 2.0 1.0 4.0 1.0 1.0 2.33 1.33 2.33     10.0 7.0 2.0 5.0 1.0 0.0 3.0 1.0 2.0     X

% Тенерифе - Елче 04.01.19 Es2
3.0 10.0 6.0 1.0 3.0 2.0 2.0 4.0 0.0 2.0 2.0 2.0     4.0 9.0 6.0 1.0 3.0 2.0 1.0 2.0 3.0     1

% Академика Коимбра - Кова Де Пиедаде 04.01.19 Pt2
5.0 3.0 6.0 4.0 0.0 2.0 2.0 1.0 3.0 0.66 1.66 3.66     4.0 5.0 5.0 2.0 2.0 2.0 1.0 3.0 2.0     1

% Кембридж Юн - Стивънидж Боро 05.01.19 L2
6.0 5.0 15.0 1.0 1.0 4.0 3.0 2.0 1.0 4.0 1.0 1.0     11.0 5.0 10.0 2.0 1.0 3.0 1.0 1.0 4.0     1

% Карлайл Юн. - Мансфийлд Таун 05.01.19 L2
13.0 3.0 10.0 5.0 0.0 1.0 4.0 0.0 2.0 1.0 1.0 4.0    11.0 12.0 1.0 4.0 2.0 0.0 3.0 2.0 1.0     1

% Колчестър Юн. - Нотс Каунти 05.01.19 L2
12.0 6.0 8.0 2.0 1.0 3.0 3.0 2.0 1.0 1.0 1.0 4.0     4.0 8.0 14.0 1.0 1.0 4.0 0.0 2.0 4.0     X

% Кроули Таун - Челтнъм 05.01.19 L2
9.0 3.0 13.0 1.0 1.0 4.0 2.0 1.0 3.0 1.0 1.0 4.0     7.0 8.0 10.0 3.0 3.0 0.0 2.0 2.0 2.0     1

% Макълсфийлд Таун - Суиндън Таун 05.01.19 L2
5.0 6.0 15.0 2.0 2.0 2.0 2.0 2.0 2.0 3.0 0.0 3.0     8.0 9.0 9.0 1.0 3.0 2.0 2.0 2.0 2.0     2

% Benfica - Rio Ave, 2019-01-06, Primeira Liga, 369926
10.0 2.0 3.0 4.33 0.33 1.33 3.33 1.33 1.33 5.0 1.0 0.0      5.0 4.0 6.0 0.0 2.0 4.0 1.33 1.33 3.33     1

% Feirense - Santa Clara, 2019-01-06, Primeira Liga, 369927
2.0 5.0 8.0 0.0 2.0 4.0 1.0 2.0 3.0 2.33 2.33 1.33      6.0 2.0 7.0 2.0 0.0 4.0 3.66 0.66 1.66     X

% Belenenses - Vitoria de Guimaraes, 2019-01-06, Primeira Liga, 369929
5.0 7.0 3.0 3.0 2.0 1.0 3.66 0.66 1.66 1.0 4.0 1.0      7.0 4.0 4.0 4.0 1.0 1.0 1.66 2.66 1.66     1

% SC Braga - Boavista, 2019-01-06, Primeira Liga, 369933
10.0 3.0 2.0 3.66 0.66 1.66 3.33 1.33 1.33 2.0 2.0 2.0      4.0 4.0 7.0 2.0 2.0 2.0 1.0 2.0 3.0     1

% Vitoria de Setubal - Chaves, 2019-01-06, Primeira Liga, 369934
5.0 2.0 8.0 2.0 0.0 4.0 2.0 1.0 3.0 1.33 3.33 1.33      2.0 2.0 11.0 0.0 1.0 5.0 1.0 1.0 4.0     X

% Mafra - Pacos de Ferreira, 2019-01-06, Segunda Liga, 369942
7.0 3.0 5.0 2.0 0.0 4.0 2.66 1.66 1.66 2.0 2.0 2.0      11.0 0.0 3.0 5.0 0.0 1.0 4.0 1.0 1.0     X

% Arouca - Farense, 2019-01-06, Segunda Liga, 369943
3.0 3.0 8.0 0.0 2.0 4.0 1.0 2.0 3.0 2.0 2.0 2.0      6.0 4.0 5.0 2.0 2.0 2.0 2.66 1.66 1.66     X

% Famalicao - Varzim, 2019-01-06, Segunda Liga, 369944
10.0 3.0 2.0 4.0 2.0 0.0 1.66 3.66 0.66 1.0 1.0 4.0      5.0 3.0 6.0 2.0 2.0 2.0 2.33 2.33 1.33     X

% Sevilla - Atletico Madrid, 2019-01-06, Liga BBVA, 370105
9.0 5.0 3.0 2.33 3.33 0.33 3.33 1.33 1.33 3.0 0.0 3.0      9.0 7.0 1.0 3.0 3.0 0.0 2.0 3.0 1.0     X

% Getafe - Barcelona, 2019-01-06, Liga BBVA, 370106
6.0 7.0 4.0 2.0 3.0 1.0 2.66 0.66 2.66 0.66 1.66 3.66      11.0 4.0 2.0 4.33 1.33 0.33 3.0 2.0 1.0     2

% Real Madrid - Real Sociedad, 2019-01-06, Liga BBVA, 370107
9.0 3.0 5.0 3.33 1.33 1.33 2.66 1.66 1.66 5.33 0.33 0.33      5.0 4.0 8.0 2.0 0.0 4.0 2.0 1.0 3.0     2

% Deportivo La Coruna - Lugo, 2019-01-06, Liga Adelante, 370125
9.0 8.0 2.0 3.0 2.0 1.0 5.33 0.33 0.33 1.66 1.66 2.66      5.0 6.0 8.0 2.0 2.0 2.0 0.66 2.66 2.66     X

% Gimnastic - Cordoba, 2019-01-06, Liga Adelante, 370127
3.0 4.0 12.0 1.0 1.0 4.0 1.66 1.66 2.66 2.0 1.0 3.0      3.0 8.0 8.0 1.0 2.0 3.0 0.33 3.33 2.33     1

% Malaga - Reus, 2019-01-06, Liga Adelante, 370129
11.0 3.0 5.0 2.0 2.0 2.0 4.66 0.66 0.66 2.0 2.0 2.0      4.0 5.0 10.0 1.0 1.0 4.0 1.66 0.66 3.66     2

% Osasuna - Cadiz, 2019-01-06, Liga Adelante, 370131
9.0 5.0 5.0 5.0 0.0 1.0 5.33 0.33 0.33 2.66 0.66 2.66      9.0 5.0 5.0 5.0 0.0 1.0 3.0 1.0 2.0     1

% Leixoes - Sporting Covilha, 2019-01-06, Segunda Liga, 373985
4.0 3.0 7.0 2.0 0.0 4.0 2.0 1.0 3.0 2.0 2.0 2.0      3.0 4.0 8.0 1.0 2.0 3.0 1.66 0.66 3.66     1

% Oliveirense - Penafiel, 2019-01-06, Segunda Liga, 373986
2.0 6.0 7.0 0.0 2.0 4.0 1.33 2.33 2.33 2.33 2.33 1.33      7.0 2.0 5.0 4.0 0.0 2.0 2.66 0.66 2.66     1

% Getafe - Barcelona, 2019-01-06, Liga BBVA, 378093
6.0 7.0 4.0 2.0 3.0 1.0 2.66 0.66 2.66 0.66 1.66 3.66      11.0 4.0 2.0 4.33 1.33 0.33 3.0 2.0 1.0     2

% Feirense - Santa Clara, 2019-01-06, Primeira Liga, 378095
2.0 5.0 8.0 0.0 2.0 4.0 1.0 2.0 3.0 2.33 2.33 1.33      6.0 2.0 7.0 2.0 0.0 4.0 3.66 0.66 1.66     X

% Benfica - Rio Ave, 2019-01-06, Primeira Liga, 378098
10.0 2.0 3.0 4.33 0.33 1.33 3.33 1.33 1.33 5.0 1.0 0.0      5.0 4.0 6.0 0.0 2.0 4.0 1.33 1.33 3.33     1

% Arouca - Farense, 2019-01-06, Segunda Liga, 378103
3.0 3.0 8.0 0.0 2.0 4.0 1.0 2.0 3.0 2.0 2.0 2.0      6.0 4.0 5.0 2.0 2.0 2.0 2.66 1.66 1.66     X

% West Ham United - Arsenal, 2019-01-12, Premier League, 371443
8.0 4.0 9.0 3.0 1.0 2.0 2.66 1.66 1.66 0.0 1.0 5.0     12.0 5.0 4.0 3.0 1.0 2.0 0.66 2.66 2.66     1

% Brighton &amp; Hove Albion - Liverpool, 2019-01-12, Premier League, 371444
7.0 5.0 9.0 1.0 2.0 3.0 2.66 1.66 1.66 1.0 1.0 4.0     17.0 3.0 1.0 5.0 0.0 1.0 3.66 0.66 1.66     2

% Burnley - Fulham, 2019-01-12, Premier League, 371445
5.0 3.0 13.0 3.0 0.0 3.0 2.33 0.33 3.33 3.0 1.0 2.0     3.0 5.0 13.0 1.0 2.0 3.0 0.66 1.66 3.66     1

% Cardiff City - Huddersfield Town, 2019-01-12, Premier League, 371446
5.0 3.0 13.0 2.0 1.0 3.0 2.66 0.66 2.66 4.33 1.33 0.33     2.0 4.0 15.0 0.0 0.0 6.0 1.33 0.33 4.33     X

% Crystal Palace - Watford, 2019-01-12, Premier League, 371447
6.0 4.0 11.0 3.0 1.0 2.0 2.66 1.66 1.66 3.0 2.0 1.0     8.0 5.0 8.0 2.0 3.0 1.0 1.66 2.66 1.66     2

% Leicester City - Southampton, 2019-01-12, Premier League, 371448
9.0 4.0 8.0 3.0 0.0 3.0 2.0 1.0 3.0 3.0 2.0 1.0     3.0 7.0 11.0 2.0 1.0 3.0 1.33 1.33 3.33     2

% Chelsea - Newcastle United, 2019-01-12, Premier League, 371449
13.0 5.0 3.0 2.66 1.66 1.66 1.33 2.33 2.33 3.33 1.33 1.33     4.0 6.0 11.0 1.0 2.0 3.0 1.66 2.66 1.66     1

% Birmingham City - Middlesbrough, 2019-01-12, Championship, 371453
9.0 12.0 5.0 2.0 3.0 1.0 2.66 1.66 1.66 0.33 2.33 3.33     11.0 10.0 5.0 2.0 2.0 2.0 1.66 2.66 1.66     2

% Brentford - Stoke City, 2019-01-12, Championship, 371454
6.0 10.0 10.0 1.0 3.0 2.0 1.33 1.33 3.33 2.33 2.33 1.33     8.0 11.0 7.0 2.0 2.0 2.0 0.66 3.66 1.66     1

% Bristol City - Bolton Wanderers, 2019-01-12, Championship, 371455
10.0 8.0 8.0 3.0 3.0 0.0 1.66 3.66 0.66 2.33 2.33 1.33     5.0 7.0 14.0 1.0 1.0 4.0 0.33 1.33 4.33     1

% Hull City - Sheffield Wednesday, 2019-01-12, Championship, 371456
10.0 6.0 10.0 5.0 1.0 0.0 3.33 1.33 1.33 1.0 4.0 1.0     8.0 8.0 10.0 2.0 3.0 1.0 1.66 1.66 2.66     1

% Ipswich Town - Rotherham United, 2019-01-12, Championship, 371457
2.0 9.0 15.0 1.0 1.0 4.0 1.33 1.33 3.33 1.33 1.33 3.33     5.0 10.0 11.0 1.0 2.0 3.0 0.66 1.66 3.66     1

% Preston North End - Swansea City, 2019-01-12, Championship, 371458
7.0 8.0 11.0 2.0 1.0 3.0 2.33 2.33 1.33 1.66 1.66 2.66     10.0 6.0 10.0 3.0 1.0 2.0 2.66 0.66 2.66     X

% Reading - Nottingham Forest, 2019-01-12, Championship, 371459
4.0 8.0 14.0 0.0 2.0 4.0 0.66 1.66 3.66 3.0 1.0 2.0     9.0 12.0 5.0 2.0 1.0 3.0 1.66 2.66 1.66     1

% Sheffield United - Queens Park Rangers, 2019-01-12, Championship, 371460
14.0 5.0 7.0 4.0 1.0 1.0 2.66 1.66 1.66 3.0 1.0 2.0     11.0 6.0 9.0 3.0 2.0 1.0 1.33 3.33 1.33     1

% West Bromwich Albion - Norwich City, 2019-01-12, Championship, 371461
13.0 7.0 6.0 2.0 3.0 1.0 1.66 3.66 0.66 2.66 0.66 2.66     14.0 7.0 5.0 2.0 3.0 1.0 2.0 3.0 1.0     X

% Wigan Athletic - Aston Villa, 2019-01-12, Championship, 371462
7.0 5.0 14.0 0.0 1.0 5.0 1.33 1.33 3.33 0.66 0.66 4.66     9.0 11.0 6.0 2.0 4.0 0.0 2.66 2.66 0.66     1

% Millwall - Blackburn Rovers, 2019-01-12, Championship, 371463
7.0 7.0 12.0 3.0 1.0 2.0 2.33 2.33 1.33 1.66 2.66 1.66     8.0 10.0 8.0 1.0 2.0 3.0 1.0 2.0 3.0     2

% Accrington Stanley - Bristol Rovers, 2019-01-12, League 1, 371464
9.0 7.0 9.0 2.0 0.0 4.0 2.0 1.0 3.0 4.0 1.0 1.0     7.0 6.0 13.0 3.0 1.0 2.0 2.66 0.66 2.66     X

% Barnsley - Bradford City, 2019-01-12, League 1, 371465
13.0 7.0 5.0 3.0 2.0 1.0 2.66 2.66 0.66 3.66 1.66 0.66     8.0 3.0 15.0 4.0 1.0 1.0 1.33 2.33 2.33     1

% Burton Albion - Gillingham, 2019-01-12, League 1, 371466
10.0 5.0 11.0 2.0 2.0 2.0 2.66 1.66 1.66 3.0 1.0 2.0     8.0 4.0 14.0 2.0 1.0 3.0 2.66 0.66 2.66     2

% Coventry City - AFC Wimbledon, 2019-01-12, League 1, 371467
11.0 5.0 11.0 3.0 0.0 3.0 2.66 1.66 1.66 1.33 3.33 1.33     6.0 4.0 16.0 2.0 2.0 2.0 1.66 0.66 3.66     X

% Fleetwood Town - Oxford United, 2019-01-12, League 1, 371468
9.0 7.0 10.0 2.0 1.0 3.0 3.66 0.66 1.66 4.66 0.66 0.66     6.0 8.0 12.0 1.0 2.0 3.0 1.0 3.0 2.0     X

% Peterborough United - Rochdale, 2019-01-12, League 1, 371469
12.0 8.0 6.0 1.0 3.0 2.0 1.0 3.0 2.0 3.0 0.0 3.0     8.0 6.0 13.0 2.0 1.0 3.0 1.66 1.66 2.66     1

% Portsmouth - Blackpool, 2019-01-12, League 1, 371470
17.0 6.0 3.0 3.0 1.0 2.0 3.66 0.66 1.66 3.66 0.66 1.66     9.0 8.0 8.0 1.0 1.0 4.0 0.66 1.66 3.66     2

% Shrewsbury Town - Charlton Athletic, 2019-01-12, League 1, 371471
7.0 9.0 10.0 1.0 3.0 2.0 2.66 2.66 0.66 4.0 0.0 2.0     14.0 5.0 8.0 4.0 0.0 2.0 2.33 0.33 3.33     2

% Southend United - Plymouth Argyle, 2019-01-12, League 1, 371472
11.0 2.0 13.0 3.0 0.0 3.0 3.66 0.66 1.66 1.0 3.0 2.0     6.0 6.0 14.0 2.0 2.0 2.0 1.33 1.33 3.33     2

% Sunderland - Luton Town, 2019-01-12, League 1, 371473
14.0 9.0 2.0 4.0 1.0 1.0 3.66 1.66 0.66 1.66 2.66 1.66     15.0 7.0 4.0 4.0 2.0 0.0 3.66 1.66 0.66     X

% Walsall - Scunthorpe United, 2019-01-12, League 1, 371474
8.0 8.0 10.0 1.0 2.0 3.0 2.0 2.0 2.0 2.0 3.0 1.0     8.0 6.0 13.0 2.0 0.0 4.0 2.33 0.33 3.33     2

% Wycombe Wanderers - Doncaster Rovers, 2019-01-12, League 1, 371475
8.0 8.0 10.0 1.0 1.0 4.0 2.66 0.66 2.66 2.0 2.0 2.0     13.0 6.0 7.0 4.0 1.0 1.0 2.66 1.66 1.66     1

% Bury - Milton Keynes Dons, 2019-01-12, League 2, 371476
13.0 7.0 7.0 3.0 1.0 2.0 4.66 0.66 0.66 0.66 1.66 3.66     13.0 8.0 4.0 3.0 1.0 2.0 1.66 1.66 2.66     1

% Cheltenham Town - Tranmere Rovers, 2019-01-12, League 2, 371477
7.0 8.0 11.0 3.0 3.0 0.0 3.66 1.66 0.66 2.0 1.0 3.0     10.0 9.0 7.0 2.0 2.0 2.0 0.66 1.66 3.66     2

% Crewe Alexandra - Newport County, 2019-01-12, League 2, 371478
9.0 5.0 13.0 2.0 0.0 4.0 4.33 0.33 1.33 1.66 1.66 2.66     10.0 6.0 9.0 1.0 1.0 4.0 0.66 0.66 4.66     1

% Exeter City - Morecambe, 2019-01-12, League 2, 371479
12.0 7.0 7.0 4.0 0.0 2.0 2.33 1.33 2.33 4.0 1.0 1.0     7.0 6.0 14.0 1.0 2.0 3.0 1.33 1.33 3.33     X

% Grimsby Town - Macclesfield Town, 2019-01-12, League 2, 371480
10.0 4.0 12.0 4.0 0.0 2.0 3.66 0.66 1.66 2.0 1.0 3.0     5.0 6.0 16.0 2.0 2.0 2.0 2.33 0.33 3.33     2

% Mansfield Town - Yeovil Town, 2019-01-12, League 2, 371481
11.0 12.0 2.0 4.0 2.0 0.0 3.66 1.66 0.66 2.0 3.0 1.0     5.0 9.0 11.0 0.0 3.0 3.0 0.33 2.33 3.33     2

% Northampton Town - Carlisle United, 2019-01-12, League 2, 371482
6.0 12.0 8.0 1.0 4.0 1.0 0.66 4.66 0.66 3.0 2.0 1.0     14.0 3.0 10.0 5.0 0.0 1.0 3.33 1.33 1.33     1

% Notts County - Cambridge United, 2019-01-12, League 2, 371483
4.0 9.0 14.0 1.0 1.0 4.0 1.33 2.33 2.33 0.0 1.0 5.0     7.0 5.0 15.0 1.0 1.0 4.0 0.33 0.33 5.33     2

% Oldham Athletic - Forest Green Rovers, 2019-01-12, League 2, 371484
10.0 8.0 8.0 4.0 0.0 2.0 2.66 1.66 1.66 1.66 2.66 1.66     11.0 10.0 4.0 4.0 1.0 1.0 3.66 1.66 0.66     X

% Port Vale - Colchester United, 2019-01-12, League 2, 371485
7.0 8.0 11.0 0.0 4.0 2.0 0.66 1.66 3.66 1.33 2.33 2.33     12.0 7.0 8.0 2.0 1.0 3.0 2.33 0.33 3.33     2

% Stevenage - Crawley Town, 2019-01-12, League 2, 371486
11.0 5.0 11.0 2.0 1.0 3.0 2.66 0.66 2.66 2.0 1.0 3.0     10.0 3.0 13.0 1.0 1.0 4.0 0.66 1.66 3.66     1

% Swindon Town - Lincoln City, 2019-01-12, League 2, 371487
9.0 9.0 9.0 1.0 3.0 2.0 2.33 1.33 2.33 1.0 2.0 3.0     15.0 6.0 4.0 4.0 1.0 1.0 2.66 1.66 1.66     X

% Guingamp - Saint-Etienne, 2019-01-12, Ligue 1, 371577
2.0 5.0 11.0 1.0 1.0 4.0 1.0 3.0 2.0 2.0 0.0 4.0     8.0 6.0 4.0 3.0 1.0 2.0 0.33 2.33 3.33     2

% Nice - Bordeaux, 2019-01-12, Ligue 1, 371580
7.0 5.0 6.0 3.0 2.0 1.0 2.66 1.66 1.66 3.0 2.0 1.0     5.0 7.0 5.0 1.66 3.66 0.66 1.33 3.33 1.33     1

% Amiens - Paris Saint-Germain, 2019-01-12, Ligue 1, 371583
5.0 3.0 11.0 2.0 2.0 2.0 1.0 2.0 3.0 2.0 2.0 2.0     15.0 2.0 0.0 4.33 1.33 0.33 1.66 2.66 1.66     2

% Boavista - Maritimo, 2019-01-12, Primeira Liga, 372156
4.0 4.0 8.0 2.0 2.0 2.0 2.66 1.66 1.66 3.0 1.0 2.0     4.0 2.0 10.0 1.0 1.0 4.0 1.0 2.0 3.0     2

% Sporting CP - FC Porto, 2019-01-12, Primeira Liga, 372163
11.0 1.0 4.0 4.0 0.0 2.0 4.0 1.0 1.0 2.0 1.0 3.0     14.0 0.0 2.0 6.0 0.0 0.0 4.0 1.0 1.0     X

% Leganes - SD Huesca, 2019-01-12, Liga BBVA, 378438
4.0 7.0 7.0 1.0 3.0 2.0 2.0 3.0 1.0 2.0 2.0 2.0     2.0 5.0 11.0 1.0 2.0 3.0 1.0 1.0 4.0     1

% Valencia - Real Valladolid, 2019-01-12, Liga BBVA, 378439
4.0 10.0 4.0 2.0 2.0 2.0 2.66 1.66 1.66 2.0 2.0 2.0     5.0 6.0 7.0 1.0 2.0 3.0 1.66 1.66 2.66     X

% Girona - Deportivo Alaves, 2019-01-12, Liga BBVA, 378440
5.0 8.0 5.0 2.0 3.0 1.0 2.0 3.0 1.0 2.33 2.33 1.33     9.0 4.0 5.0 3.0 2.0 1.0 2.0 1.0 3.0     X

% Villarreal - Getafe, 2019-01-12, Liga BBVA, 378441
3.0 8.0 7.0 1.0 4.0 1.0 2.33 2.33 1.33 2.66 0.66 2.66     6.0 7.0 5.0 1.0 3.0 2.0 1.66 3.66 0.66     2

% Albacete - Sporting Gijon, 2019-01-12, Liga Adelante, 378442
10.0 8.0 2.0 5.0 1.0 0.0 4.33 1.33 0.33 1.33 2.33 2.33     6.0 8.0 6.0 2.0 2.0 2.0 1.33 2.33 2.33     X

% Las Palmas - Osasuna, 2019-01-12, Liga Adelante, 378443
5.0 10.0 5.0 0.0 3.0 3.0 1.0 4.0 1.0 2.33 2.33 1.33     10.0 5.0 5.0 5.0 0.0 1.0 2.33 1.33 2.33     1

% Reus - Numancia, 2019-01-12, Liga Adelante, 378444
5.0 5.0 10.0 1.0 1.0 4.0 1.33 2.33 2.33 2.0 1.0 3.0     5.0 7.0 8.0 1.0 1.0 4.0 0.33 2.33 3.33     X

% Mallorca - Deportivo La Coruna, 2019-01-12, Liga Adelante, 378445
8.0 6.0 6.0 3.0 2.0 1.0 3.33 2.33 0.33 2.0 2.0 2.0     9.0 9.0 2.0 3.0 2.0 1.0 0.33 4.33 1.33     1

% Real Oviedo - Tenerife, 2019-01-12, Liga Adelante, 378446
7.0 6.0 7.0 3.0 2.0 1.0 3.33 2.33 0.33 3.0 1.0 2.0     4.0 10.0 6.0 2.0 3.0 1.0 0.66 2.66 2.66     1

% Grenoble - Le Havre, 2019-01-12, Ligue 2, 378448
9.0 4.0 6.0 3.0 1.0 2.0 2.66 0.66 2.66 1.66 2.66 1.66     7.0 6.0 5.0 2.33 2.33 1.33 1.33 2.33 2.33     X

% Brest - Troyes, 2019-01-12, Ligue 2, 378449
11.0 5.0 3.0 2.0 3.0 1.0 3.66 1.66 0.66 3.0 1.0 2.0     9.0 2.0 8.0 4.0 1.0 1.0 3.0 2.0 1.0     X

% Leixoes - Penafiel, 2019-01-12, Segunda Liga, 378528
5.0 3.0 8.0 1.0 0.0 5.0 2.66 0.66 2.66 3.0 3.0 0.0     8.0 2.0 6.0 4.0 0.0 2.0 2.33 0.33 3.33     1

% Burnley - Fulham, 2019-01-12, Premier League, 378816
5.0 3.0 13.0 3.0 0.0 3.0 2.33 0.33 3.33 3.0 1.0 2.0     3.0 5.0 13.0 1.0 2.0 3.0 0.66 1.66 3.66     1

% Girona - Deportivo Alaves, 2019-01-12, Liga BBVA, 378820
5.0 8.0 5.0 2.0 3.0 1.0 2.0 3.0 1.0 2.33 2.33 1.33     9.0 4.0 5.0 3.0 2.0 1.0 2.0 1.0 3.0     X

% Villarreal - Getafe, 2019-01-12, Liga BBVA, 378821
3.0 8.0 7.0 1.0 4.0 1.0 2.33 2.33 1.33 2.66 0.66 2.66     6.0 7.0 5.0 1.0 3.0 2.0 1.66 3.66 0.66     2

% Nice - Bordeaux, 2019-01-12, Ligue 1, 378829
7.0 5.0 6.0 3.0 2.0 1.0 2.66 1.66 1.66 3.0 2.0 1.0     5.0 7.0 5.0 1.66 3.66 0.66 1.33 3.33 1.33     1

% Grenoble - Le Havre, 2019-01-12, Ligue 2, 378831
9.0 4.0 6.0 3.0 1.0 2.0 2.66 0.66 2.66 1.66 2.66 1.66     7.0 6.0 5.0 2.33 2.33 1.33 1.33 2.33 2.33     X

% Brest - Troyes, 2019-01-12, Ligue 2, 378832
11.0 5.0 3.0 2.0 3.0 1.0 3.66 1.66 0.66 3.0 1.0 2.0     9.0 2.0 8.0 4.0 1.0 1.0 3.0 2.0 1.0     X

% Boavista - Maritimo, 2019-01-12, Primeira Liga, 378835
4.0 4.0 8.0 2.0 2.0 2.0 2.66 1.66 1.66 3.0 1.0 2.0     4.0 2.0 10.0 1.0 1.0 4.0 1.0 2.0 3.0     2

% Leixoes - Penafiel, 2019-01-12, Segunda Liga, 378836
5.0 3.0 8.0 1.0 0.0 5.0 2.66 0.66 2.66 3.0 3.0 0.0     8.0 2.0 6.0 4.0 0.0 2.0 2.33 0.33 3.33     1

% Everton - AFC Bournemouth, 2019-01-13, Premier League, 371450
7.0 6.0 8.0 1.0 1.0 4.0 1.33 2.33 2.33 4.0 1.0 1.0     8.0 3.0 10.0 1.0 1.0 4.0 0.66 0.66 4.66     1

% Tottenham Hotspur - Manchester United, 2019-01-13, Premier League, 371451
16.0 0.0 5.0 5.0 0.0 1.0 3.0 1.0 2.0 3.0 0.0 3.0     11.0 5.0 5.0 5.0 0.0 1.0 2.66 1.66 1.66     2

% Marseille - Monaco, 2019-01-13, Ligue 1, 371569
8.0 3.0 6.0 1.33 1.33 3.33 1.66 1.66 2.66 0.0 2.0 4.0     3.0 4.0 11.0 1.33 1.33 3.33 2.33 1.33 2.33     X

% Academica - Varzim, 2019-01-13, Segunda Liga, 372176
7.0 3.0 6.0 3.0 1.0 2.0 2.33 0.33 3.33 3.66 0.66 1.66     6.0 4.0 6.0 3.0 1.0 2.0 2.66 1.66 1.66     1

% Mafra - Sporting Covilha, 2019-01-13, Segunda Liga, 372180
7.0 4.0 5.0 2.0 0.0 4.0 2.66 1.66 1.66 2.0 1.0 3.0     3.0 4.0 9.0 1.0 2.0 3.0 0.66 0.66 4.66     2

% Arouca - Oliveirense, 2019-01-13, Segunda Liga, 372181
3.0 5.0 8.0 0.0 4.0 2.0 0.66 2.66 2.66 2.33 1.33 2.33     3.0 6.0 7.0 1.0 1.0 4.0 1.66 0.66 3.66     X

% FC Porto B - Vitoria de Guimaraes B, 2019-01-13, Segunda Liga, 372183
6.0 3.0 7.0 5.0 1.0 0.0 3.33 1.33 1.33 4.0 0.0 2.0     5.0 5.0 6.0 2.0 2.0 2.0 0.66 2.66 2.66     1

% Athletic Bilbao - Sevilla, 2019-01-13, Liga BBVA, 372410
3.0 10.0 5.0 1.0 3.0 2.0 1.0 4.0 1.0 2.0 0.0 4.0     9.0 6.0 3.0 1.66 3.66 0.66 1.0 4.0 1.0     1

% Atletico Madrid - Levante, 2019-01-13, Liga BBVA, 372411
9.0 8.0 1.0 3.33 2.33 0.33 3.0 2.0 1.0 3.66 0.66 1.66     6.0 5.0 7.0 0.0 3.0 3.0 1.66 2.66 1.66     1

% Barcelona - Eibar, 2019-01-13, Liga BBVA, 372415
12.0 4.0 2.0 4.33 1.33 0.33 3.33 1.33 1.33 6.0 0.0 0.0     5.0 7.0 6.0 2.0 4.0 0.0 1.33 2.33 2.33     1

% Real Betis - Real Madrid, 2019-01-13, Liga BBVA, 372418
7.0 5.0 6.0 3.0 2.0 1.0 2.66 2.66 0.66 1.0 1.0 4.0     9.0 3.0 6.0 3.33 1.33 1.33 2.66 1.66 1.66     2

% Alcorcon - Almeria, 2019-01-13, Liga Adelante, 372426
10.0 4.0 6.0 1.0 1.0 4.0 3.33 1.33 1.33 1.0 4.0 1.0     7.0 7.0 6.0 1.0 4.0 1.0 0.33 3.33 2.33     X

% Cordoba - Rayo Majadahonda, 2019-01-13, Liga Adelante, 372428
3.0 8.0 9.0 1.0 2.0 3.0 2.66 1.66 1.66 2.0 2.0 2.0     6.0 3.0 11.0 0.0 2.0 4.0 1.33 0.33 4.33     X

% Elche - Gimnastic, 2019-01-13, Liga Adelante, 372429
4.0 9.0 7.0 1.0 2.0 3.0 2.0 3.0 1.0 2.66 1.66 1.66     4.0 4.0 12.0 1.0 1.0 4.0 1.0 0.0 5.0     1

% Lugo - Extremadura, 2019-01-13, Liga Adelante, 372431
5.0 7.0 8.0 2.0 2.0 2.0 2.33 1.33 2.33 2.0 2.0 2.0     5.0 5.0 10.0 3.0 0.0 3.0 1.66 1.66 2.66     X

% Real Zaragoza - Malaga, 2019-01-13, Liga Adelante, 372434
5.0 7.0 8.0 2.0 2.0 2.0 1.33 3.33 1.33 2.0 2.0 2.0     11.0 3.0 6.0 2.0 2.0 2.0 0.0 3.0 3.0     2

% Academico Viseu - Farense, 2019-01-13, Segunda Liga, 373988
4.0 4.0 7.0 2.0 1.0 3.0 2.66 1.66 1.66 2.0 2.0 2.0     6.0 5.0 5.0 2.0 2.0 2.0 2.33 2.33 1.33     1

% Nantes - Rennes, 2019-01-13, Ligue 1, 378477
6.0 5.0 7.0 4.0 1.0 1.0 4.33 1.33 0.33 0.0 2.0 4.0     7.0 5.0 6.0 4.0 1.0 1.0 3.0 2.0 1.0     2

% Toulouse - Strasbourg, 2019-01-13, Ligue 1, 378478
5.0 6.0 7.0 4.0 0.0 2.0 3.33 1.33 1.33 1.33 2.33 2.33     6.0 8.0 5.0 1.0 4.0 1.0 1.0 3.0 2.0     2

% Nacional - Belenenses, 2019-01-13, Primeira Liga, 378480
5.0 4.0 7.0 3.0 1.0 2.0 3.0 2.0 1.0 1.66 3.66 0.66     6.0 7.0 3.0 3.0 2.0 1.0 1.33 3.33 1.33     2

% Chaves - Tondela, 2019-01-13, Primeira Liga, 378481
2.0 3.0 11.0 0.0 1.0 5.0 0.66 1.66 3.66 1.33 2.33 2.33     5.0 3.0 8.0 3.0 0.0 3.0 2.66 0.66 2.66     1

% Rio Ave - Vitoria de Setubal, 2019-01-13, Primeira Liga, 378482
5.0 4.0 7.0 0.0 1.0 5.0 0.66 2.66 2.66 3.0 2.0 1.0     5.0 3.0 8.0 2.0 0.0 4.0 2.33 0.33 3.33     X

% CD Cova da Piedade - Pacos de Ferreira, 2019-01-13, Segunda Liga, 378483
4.0 5.0 7.0 2.0 1.0 3.0 2.33 1.33 2.33 2.0 2.0 2.0     12.0 1.0 3.0 5.0 0.0 1.0 4.0 1.0 1.0     2

% Barcelona - Eibar, 2019-01-13, Liga BBVA, 378849
12.0 4.0 2.0 4.33 1.33 0.33 3.33 1.33 1.33 6.0 0.0 0.0     5.0 7.0 6.0 2.0 4.0 0.0 1.33 2.33 2.33     1

% Nantes - Rennes, 2019-01-13, Ligue 1, 378853
6.0 5.0 7.0 4.0 1.0 1.0 4.33 1.33 0.33 0.0 2.0 4.0     7.0 5.0 6.0 4.0 1.0 1.0 3.0 2.0 1.0     2

% Toulouse - Strasbourg, 2019-01-13, Ligue 1, 378854
5.0 6.0 7.0 4.0 0.0 2.0 3.33 1.33 1.33 1.33 2.33 2.33     6.0 8.0 5.0 1.0 4.0 1.0 1.0 3.0 2.0     2

% Marseille - Monaco, 2019-01-13, Ligue 1, 378855
8.0 3.0 6.0 1.33 1.33 3.33 1.66 1.66 2.66 0.0 2.0 4.0     3.0 4.0 11.0 1.33 1.33 3.33 2.33 1.33 2.33     X

% Nacional - Belenenses, 2019-01-13, Primeira Liga, 378859
5.0 4.0 7.0 3.0 1.0 2.0 3.0 2.0 1.0 1.66 3.66 0.66     6.0 7.0 3.0 3.0 2.0 1.0 1.33 3.33 1.33     2

% Chaves - Tondela, 2019-01-13, Primeira Liga, 378860
2.0 3.0 11.0 0.0 1.0 5.0 0.66 1.66 3.66 1.33 2.33 2.33     5.0 3.0 8.0 3.0 0.0 3.0 2.66 0.66 2.66     1

% Benfica B - Braga B, 2019-01-13, Segunda Liga, 378862
8.0 4.0 3.0 3.0 2.0 1.0 5.33 0.33 0.33 2.0 2.0 2.0     4.0 1.0 11.0 1.0 0.0 5.0 0.66 0.66 4.66     2

% Academica - Varzim, 2019-01-13, Segunda Liga, 378863
7.0 3.0 6.0 3.0 1.0 2.0 2.33 0.33 3.33 3.66 0.66 1.66     6.0 4.0 6.0 3.0 1.0 2.0 2.66 1.66 1.66     1

% Arouca - Oliveirense, 2019-01-13, Segunda Liga, 378864
3.0 5.0 8.0 0.0 4.0 2.0 0.66 2.66 2.66 2.33 1.33 2.33     3.0 6.0 7.0 1.0 1.0 4.0 1.66 0.66 3.66     X

% Dijon - Montpellier, 2019-01-13, Ligue 1, 378971
4.0 4.0 10.0 1.0 2.0 3.0 1.66 1.66 2.66 2.33 3.33 0.33     8.0 6.0 4.0 3.0 2.0 1.0 2.66 1.66 1.66     X

% Manchester City - Wolverhampton Wanderers, 2019-01-14, Premier League, 371452
16.0 2.0 3.0 3.0 0.0 3.0 3.0 1.0 2.0 1.66 2.66 1.66     8.0 5.0 8.0 3.0 1.0 2.0 3.0 2.0 1.0     1

% Real Sociedad - RCD Espanyol, 2019-01-14, Liga BBVA, 378538
6.0 4.0 8.0 2.0 0.0 4.0 1.66 1.66 2.66 2.0 2.0 2.0     7.0 3.0 8.0 3.0 1.0 2.0 1.66 2.66 1.66     1

% Red Star - Lens, 2019-01-14, Ligue 2, 378539
3.0 4.0 12.0 1.0 1.0 4.0 1.66 0.66 3.66 0.33 1.33 4.33     9.0 5.0 5.0 1.0 3.0 2.0 1.0 3.0 2.0     1

% Famalicao - Estoril, 2019-01-14, Segunda Liga, 378540
10.0 4.0 2.0 4.0 2.0 0.0 1.66 3.66 0.66 2.0 2.0 2.0     9.0 3.0 4.0 3.0 1.0 2.0 2.66 1.66 1.66     1

% Red Star - Lens, 2019-01-14, Ligue 2, 378870
3.0 4.0 12.0 1.0 1.0 4.0 1.66 0.66 3.66 0.33 1.33 4.33     9.0 5.0 5.0 1.0 3.0 2.0 1.0 3.0 2.0     1

% Mansfield Town - Crawley Town, 2019-01-15, League 2, 376275
11.0 12.0 3.0 4.0 1.0 1.0 3.33 1.33 1.33 3.0 2.0 1.0     10.0 3.0 14.0 1.0 1.0 4.0 0.33 1.33 4.33     1

% Angers - Bordeaux, 2019-01-15, Ligue 1, 378602
4.0 8.0 6.0 0.0 4.0 2.0 0.33 3.33 2.33 3.0 3.0 0.0     5.0 7.0 6.0 1.66 2.66 1.66 1.33 2.33 2.33     2

% Le Havre - Valenciennes, 2019-01-15, Ligue 2, 378603
7.0 7.0 5.0 1.33 3.33 1.33 2.33 2.33 1.33 3.33 2.33 0.33     5.0 5.0 9.0 1.0 2.0 3.0 1.33 1.33 3.33     1

% Monaco - Nice, 2019-01-16, Ligue 1, 378888
3.0 4.0 11.0 1.33 1.33 3.33 1.0 2.0 3.0 4.0 1.0 1.0     8.0 5.0 6.0 3.0 2.0 1.0 2.0 2.0 2.0     X

% Guingamp - Rennes, 2019-01-16, Ligue 1, 378889
2.0 5.0 12.0 1.0 1.0 4.0 0.66 2.66 2.66 4.0 1.0 1.0     8.0 5.0 6.0 5.0 1.0 0.0 3.66 1.66 0.66     1

% Toulouse - Lyon, 2019-01-16, Ligue 1, 378890
5.0 6.0 8.0 4.0 0.0 2.0 3.0 1.0 2.0 0.0 0.0 6.0     9.0 6.0 4.0 1.33 3.33 1.33 1.33 3.33 1.33     X

% Nimes - Nantes, 2019-01-16, Ligue 1, 378891
6.0 5.0 7.0 4.0 0.0 2.0 2.0 2.0 2.0 2.0 2.0 2.0     6.0 5.0 8.0 3.0 1.0 2.0 2.33 1.33 2.33     1

% Saint-Etienne - Marseille, 2019-01-16, Ligue 1, 378976
9.0 6.0 4.0 3.0 1.0 2.0 3.66 1.66 0.66 1.0 3.0 2.0     8.0 3.0 6.0 1.33 1.33 3.33 1.66 1.66 2.66     1

% Benfica B - Academico Viseu, 2019-01-16, Segunda Liga, 378977
8.0 4.0 4.0 2.0 2.0 2.0 4.33 0.33 1.33 1.33 1.33 3.33     5.0 4.0 7.0 2.0 1.0 3.0 1.0 2.0 3.0     1

% Auxerre - Orleans, 2019-01-18, Ligue 2, 371589
7.0 5.0 8.0 4.0 1.0 1.0 3.0 1.0 2.0 2.66 0.66 2.66     8.0 2.0 10.0 1.0 1.0 4.0 2.0 1.0 3.0     1

% AS Beziers - Troyes, 2019-01-18, Ligue 2, 371590
5.0 3.0 12.0 1.0 1.0 4.0 0.66 1.66 3.66 2.66 1.66 1.66     9.0 3.0 8.0 3.0 2.0 1.0 2.0 3.0 1.0     X

% Metz - Clermont Foot, 2019-01-18, Ligue 2, 371593
14.0 2.0 3.0 6.0 0.0 0.0 4.0 1.0 1.0 2.0 2.0 2.0     8.0 8.0 4.0 3.0 2.0 1.0 2.66 1.66 1.66     2

% Sochaux - AC Ajaccio, 2019-01-18, Ligue 2, 371594
6.0 2.0 12.0 2.0 0.0 4.0 3.0 1.0 2.0 3.0 1.0 2.0     6.0 6.0 8.0 2.0 2.0 2.0 2.33 1.33 2.33     X

% Chateauroux - Valenciennes, 2019-01-18, Ligue 2, 371595
5.0 7.0 8.0 2.0 1.0 3.0 1.66 1.66 2.66 2.0 2.0 2.0     5.0 5.0 9.0 1.0 2.0 3.0 1.33 1.33 3.33     X

% Hoffenheim - FC Bayern München, 2019-01-18, Bundesliga, 371663
6.0 7.0 4.0 1.0 5.0 0.0 1.33 3.33 1.33 2.0 2.0 2.0     11.0 3.0 3.0 5.0 1.0 0.0 3.66 0.66 1.66     2

% Lorient - GFC Ajaccio, 2019-01-18, Ligue 2, 376452
9.0 7.0 4.0 3.0 2.0 1.0 3.0 2.0 1.0 4.0 2.0 0.0     6.0 4.0 10.0 2.0 2.0 2.0 2.66 1.66 1.66     2

% Norwich City - Birmingham City, 2019-01-18, Championship, 379089
14.0 8.0 5.0 1.0 4.0 1.0 2.0 2.0 2.0 3.66 1.66 0.66     9.0 12.0 6.0 2.0 3.0 1.0 2.66 2.66 0.66     1

% Palermo - Salernitana, 2019-01-18, Serie B, 379090
10.0 7.0 1.0 3.0 3.0 0.0 2.33 3.33 0.33 3.33 1.33 1.33     6.0 6.0 6.0 0.0 1.0 5.0 0.0 3.0 3.0     2

% Getafe - Deportivo Alaves, 2019-01-18, Liga BBVA, 379091
7.0 7.0 5.0 2.0 2.0 2.0 2.66 0.66 2.66 1.66 2.66 1.66     9.0 5.0 5.0 2.0 3.0 1.0 1.66 1.66 2.66     1

% Lille - Amiens, 2019-01-18, Ligue 1, 379092
11.0 4.0 5.0 3.0 1.0 2.0 2.66 1.66 1.66 1.33 1.33 3.33     5.0 3.0 12.0 1.0 2.0 3.0 2.33 1.33 2.33     1

% Chaves - FC Porto, 2019-01-18, Primeira Liga, 379093
3.0 3.0 11.0 1.0 1.0 4.0 1.66 1.66 2.66 0.0 1.0 5.0     14.0 1.0 2.0 5.0 1.0 0.0 3.66 1.66 0.66     2

% Vitoria de Guimaraes - Benfica, 2019-01-18, Primeira Liga, 379095
8.0 4.0 5.0 4.0 1.0 1.0 4.66 0.66 0.66 0.0 0.0 6.0     12.0 2.0 3.0 5.0 0.0 1.0 3.66 0.66 1.66     2

% Wolverhampton Wanderers - Leicester City, 2019-01-19, Premier League, 373145
8.0 5.0 8.0 3.0 1.0 2.0 2.66 0.66 2.66 2.33 1.33 2.33     9.0 4.0 9.0 3.0 0.0 3.0 3.0 1.0 2.0     1

% AFC Bournemouth - West Ham United, 2019-01-19, Premier League, 373146
8.0 3.0 11.0 1.0 1.0 4.0 2.66 1.66 1.66 3.0 2.0 1.0     9.0 4.0 9.0 3.0 1.0 2.0 3.0 1.0 2.0     1

% Liverpool - Crystal Palace, 2019-01-19, Premier League, 373147
18.0 3.0 1.0 5.0 0.0 1.0 4.0 1.0 1.0 5.0 0.0 1.0     6.0 4.0 12.0 3.0 1.0 2.0 2.66 0.66 2.66     1

% Manchester United - Brighton &amp; Hove Albion, 2019-01-19, Premier League, 373148
12.0 5.0 5.0 5.0 0.0 1.0 3.66 1.66 0.66 2.66 0.66 2.66     7.0 5.0 10.0 1.0 2.0 3.0 1.0 2.0 3.0     1

% Newcastle United - Cardiff City, 2019-01-19, Premier League, 373149
4.0 6.0 12.0 1.0 2.0 3.0 1.0 2.0 3.0 3.0 2.0 1.0     5.0 4.0 13.0 1.0 2.0 3.0 1.66 1.66 2.66     1

% Southampton - Everton, 2019-01-19, Premier League, 373150
4.0 7.0 11.0 3.0 1.0 2.0 1.66 1.66 2.66 2.0 2.0 2.0     8.0 6.0 8.0 2.0 0.0 4.0 1.66 0.66 3.66     1

% Watford - Burnley, 2019-01-19, Premier League, 373151
9.0 5.0 8.0 3.0 2.0 1.0 1.66 1.66 2.66 2.66 0.66 2.66     6.0 3.0 13.0 3.0 0.0 3.0 1.66 0.66 3.66     X

% Arsenal - Chelsea, 2019-01-19, Premier League, 373152
12.0 5.0 5.0 2.0 1.0 3.0 4.0 1.0 1.0 1.0 3.0 2.0     14.0 5.0 3.0 3.33 1.33 1.33 3.33 1.33 1.33     1

% Aston Villa - Hull City, 2019-01-19, Championship, 373155
9.0 11.0 7.0 1.0 4.0 1.0 1.33 3.33 1.33 2.0 3.0 1.0     11.0 6.0 10.0 6.0 0.0 0.0 3.66 1.66 0.66     X

% Blackburn Rovers - Ipswich Town, 2019-01-19, Championship, 373156
9.0 10.0 8.0 2.0 1.0 3.0 2.0 2.0 2.0 1.33 2.33 2.33     3.0 9.0 15.0 2.0 1.0 3.0 0.66 0.66 4.66     1

% Derby County - Reading, 2019-01-19, Championship, 373158
12.0 7.0 8.0 3.0 2.0 1.0 2.0 3.0 1.0 2.0 3.0 1.0     5.0 8.0 14.0 1.0 2.0 3.0 0.66 2.66 2.66     1

% Middlesbrough - Millwall, 2019-01-19, Championship, 373159
12.0 10.0 5.0 3.0 1.0 2.0 1.66 1.66 2.66 2.0 2.0 2.0     7.0 7.0 13.0 3.0 0.0 3.0 1.66 1.66 2.66     X

% Nottingham Forest - Bristol City, 2019-01-19, Championship, 373161
9.0 12.0 6.0 1.0 1.0 4.0 2.66 0.66 2.66 1.0 2.0 3.0     11.0 8.0 8.0 3.0 3.0 0.0 3.66 1.66 0.66     2

% Queens Park Rangers - Preston North End, 2019-01-19, Championship, 373162
11.0 6.0 10.0 3.0 2.0 1.0 2.66 1.66 1.66 0.0 2.0 4.0     7.0 9.0 11.0 1.0 2.0 3.0 1.66 0.66 3.66     2

% Sheffield Wednesday - Wigan Athletic, 2019-01-19, Championship, 373164
8.0 8.0 11.0 2.0 2.0 2.0 2.66 2.66 0.66 2.33 1.33 2.33     8.0 5.0 14.0 1.0 1.0 4.0 0.66 2.66 2.66     1

% Stoke City - Leeds United, 2019-01-19, Championship, 373165
8.0 11.0 8.0 1.0 2.0 3.0 3.0 1.0 2.0 1.66 1.66 2.66     16.0 6.0 5.0 4.0 0.0 2.0 2.66 0.66 2.66     1

% Swansea City - Sheffield United, 2019-01-19, Championship, 373166
10.0 7.0 10.0 2.0 2.0 2.0 2.0 2.0 2.0 2.66 1.66 1.66     15.0 5.0 7.0 5.0 1.0 0.0 3.33 2.33 0.33     1

% AFC Wimbledon - Barnsley, 2019-01-19, League 1, 373167
6.0 5.0 16.0 2.0 2.0 2.0 2.0 3.0 1.0 1.66 2.66 1.66     14.0 7.0 5.0 4.0 2.0 0.0 1.66 1.66 2.66     2

% Blackpool - Shrewsbury Town, 2019-01-19, League 1, 373168
10.0 8.0 8.0 1.0 1.0 4.0 2.0 1.0 3.0 0.33 2.33 3.33     7.0 9.0 11.0 1.0 3.0 2.0 1.0 2.0 3.0     X

% Bradford City - Southend United, 2019-01-19, League 1, 373169
8.0 3.0 16.0 4.0 0.0 2.0 4.66 0.66 0.66 2.0 1.0 3.0     11.0 2.0 14.0 3.0 0.0 3.0 2.0 1.0 3.0     2

% Bristol Rovers - Wycombe Wanderers, 2019-01-19, League 1, 373170
7.0 7.0 13.0 3.0 2.0 1.0 1.66 1.66 2.66 4.33 0.33 1.33     9.0 8.0 10.0 1.0 1.0 4.0 1.33 2.33 2.33     2

% Charlton Athletic - Accrington Stanley, 2019-01-19, League 1, 373171
15.0 5.0 8.0 4.0 0.0 2.0 4.0 1.0 1.0 1.66 2.66 1.66     9.0 8.0 9.0 2.0 1.0 3.0 2.0 1.0 3.0     1

% Doncaster Rovers - Burton Albion, 2019-01-19, League 1, 373172
13.0 6.0 8.0 3.0 1.0 2.0 3.66 1.66 0.66 1.0 3.0 2.0     10.0 5.0 12.0 1.0 2.0 3.0 1.0 2.0 3.0     X

% Gillingham - Walsall, 2019-01-19, League 1, 373173
9.0 4.0 14.0 2.0 1.0 3.0 2.0 2.0 2.0 2.0 2.0 2.0     8.0 8.0 11.0 0.0 2.0 4.0 1.0 2.0 3.0     2

% Luton Town - Peterborough United, 2019-01-19, League 1, 373174
15.0 8.0 4.0 3.0 3.0 0.0 3.66 1.66 0.66 1.0 1.0 4.0     13.0 8.0 6.0 2.0 2.0 2.0 2.0 2.0 2.0     1

% Oxford United - Portsmouth, 2019-01-19, League 1, 373175
6.0 9.0 12.0 1.0 2.0 3.0 2.0 1.0 3.0 2.33 1.33 2.33     17.0 6.0 4.0 3.0 1.0 2.0 2.0 2.0 2.0     1

% Plymouth Argyle - Coventry City, 2019-01-19, League 1, 373176
7.0 6.0 14.0 3.0 1.0 2.0 2.66 1.66 1.66 1.66 1.66 2.66     11.0 6.0 11.0 3.0 1.0 2.0 1.33 0.33 4.33     1

% Rochdale - Fleetwood Town, 2019-01-19, League 1, 373177
8.0 6.0 14.0 2.0 0.0 4.0 2.0 1.0 3.0 2.0 3.0 1.0     9.0 8.0 10.0 2.0 2.0 2.0 1.0 2.0 3.0     X

% Scunthorpe United - Sunderland, 2019-01-19, League 1, 373178
9.0 6.0 13.0 3.0 0.0 3.0 1.66 0.66 3.66 1.33 2.33 2.33     14.0 10.0 2.0 3.0 2.0 1.0 2.33 1.33 2.33     X

% Lincoln City - Grimsby Town, 2019-01-19, League 2, 373179
15.0 7.0 4.0 3.0 2.0 1.0 3.0 2.0 1.0 2.33 2.33 1.33     10.0 4.0 13.0 4.0 0.0 2.0 3.0 1.0 2.0     1

% Cambridge United - Northampton Town, 2019-01-19, League 2, 373180
8.0 5.0 15.0 2.0 1.0 3.0 1.66 2.66 1.66 2.0 3.0 1.0     7.0 12.0 8.0 1.0 4.0 1.0 1.66 1.66 2.66     1

% Carlisle United - Cheltenham Town, 2019-01-19, League 2, 373181
14.0 3.0 11.0 5.0 0.0 1.0 3.66 0.66 1.66 3.66 0.66 1.66     7.0 8.0 12.0 2.0 3.0 1.0 1.66 2.66 1.66     1

% Colchester United - Mansfield Town, 2019-01-19, League 2, 373182
13.0 7.0 8.0 2.0 1.0 3.0 1.66 2.66 1.66 2.33 3.33 0.33     11.0 12.0 3.0 4.0 1.0 1.0 3.0 2.0 1.0     2

% Crawley Town - Port Vale, 2019-01-19, League 2, 373183
10.0 3.0 14.0 1.0 1.0 4.0 2.66 0.66 2.66 2.0 1.0 3.0     7.0 8.0 12.0 0.0 3.0 3.0 1.66 3.66 0.66     2

% Forest Green Rovers - Bury, 2019-01-19, League 2, 373184
11.0 11.0 4.0 4.0 2.0 0.0 2.66 0.66 2.66 1.66 2.66 1.66     14.0 7.0 7.0 3.0 1.0 2.0 1.0 2.0 3.0     2

% Macclesfield Town - Oldham Athletic, 2019-01-19, League 2, 373185
6.0 6.0 16.0 3.0 2.0 1.0 2.66 2.66 0.66 1.66 1.66 2.66     10.0 9.0 8.0 3.0 1.0 2.0 3.0 1.0 2.0     1

% Milton Keynes Dons - Crewe Alexandra, 2019-01-19, League 2, 373186
13.0 8.0 5.0 2.0 1.0 3.0 4.33 0.33 1.33 1.66 2.66 1.66     10.0 5.0 13.0 3.0 0.0 3.0 0.66 0.66 4.66     2

% Morecambe - Stevenage, 2019-01-19, League 2, 373187
7.0 7.0 14.0 1.0 2.0 3.0 1.66 2.66 1.66 1.0 1.0 4.0     12.0 5.0 11.0 3.0 1.0 2.0 1.33 1.33 3.33     2

% Newport County - Exeter City, 2019-01-19, League 2, 373188
10.0 6.0 10.0 0.0 1.0 5.0 2.0 2.0 2.0 2.0 2.0 2.0     12.0 8.0 7.0 4.0 1.0 1.0 2.66 1.66 1.66     1

% Tranmere Rovers - Swindon Town, 2019-01-19, League 2, 373189
11.0 9.0 7.0 2.0 2.0 2.0 3.0 2.0 1.0 1.66 1.66 2.66     9.0 10.0 9.0 0.0 4.0 2.0 1.66 2.66 1.66     2

% Yeovil Town - Notts County, 2019-01-19, League 2, 373190
6.0 9.0 11.0 1.0 3.0 2.0 0.66 1.66 3.66 3.0 2.0 1.0     4.0 9.0 15.0 1.0 1.0 4.0 0.66 1.66 3.66     1

% Monaco - Strasbourg, 2019-01-19, Ligue 1, 373332
3.0 4.0 11.0 1.33 1.33 3.33 1.0 2.0 3.0 3.0 1.0 2.0     7.0 8.0 5.0 2.0 3.0 1.0 1.66 2.66 1.66     2

% Angers - Nantes, 2019-01-19, Ligue 1, 373334
4.0 8.0 6.0 0.0 4.0 2.0 0.33 3.33 2.33 0.0 2.0 4.0     6.0 5.0 8.0 3.0 1.0 2.0 2.33 1.33 2.33     1

% Bordeaux - Dijon, 2019-01-19, Ligue 1, 373335
5.0 7.0 6.0 1.66 2.66 1.66 2.33 2.33 1.33 3.0 2.0 1.0     4.0 5.0 10.0 1.0 2.0 3.0 1.0 2.0 3.0     1

% Nimes - Toulouse, 2019-01-19, Ligue 1, 373338
6.0 5.0 7.0 4.0 0.0 2.0 2.0 2.0 2.0 2.0 2.0 2.0     5.0 6.0 8.0 4.0 0.0 2.0 3.0 1.0 2.0     2

% Paris Saint-Germain - Guingamp, 2019-01-19, Ligue 1, 373339
16.0 2.0 0.0 4.33 1.33 0.33 4.0 1.0 1.0 1.66 1.66 2.66     2.0 5.0 12.0 1.0 1.0 4.0 1.66 0.66 3.66     1

% Reims - Nice, 2019-01-19, Ligue 1, 373341
6.0 9.0 5.0 2.0 2.0 2.0 3.0 2.0 1.0 2.0 2.0 2.0     8.0 5.0 6.0 3.0 2.0 1.0 2.0 2.0 2.0     X

% Bayer Leverkusen - Borussia Mönchengladbach, 2019-01-19, Bundesliga, 373389
7.0 3.0 7.0 4.0 1.0 1.0 4.0 1.0 1.0 2.66 1.66 1.66     10.0 3.0 4.0 3.0 1.0 2.0 1.0 2.0 3.0     2

% Eintracht Frankfurt - Freiburg, 2019-01-19, Bundesliga, 373390
8.0 3.0 6.0 2.0 1.0 3.0 2.0 1.0 3.0 1.33 2.33 2.33     5.0 6.0 6.0 2.0 2.0 2.0 1.66 1.66 2.66     1

% Augsburg - Fortuna Düsseldorf, 2019-01-19, Bundesliga, 373391
3.0 6.0 8.0 1.0 2.0 3.0 1.33 3.33 1.33 2.0 2.0 2.0     5.0 3.0 9.0 2.0 1.0 3.0 1.66 1.66 2.66     2

% Hannover 96 - Werder Bremen, 2019-01-19, Bundesliga, 373392
2.0 5.0 10.0 0.0 2.0 4.0 1.66 0.66 3.66 2.33 1.33 2.33     6.0 4.0 7.0 1.0 2.0 3.0 0.66 1.66 3.66     2

% VfB Stuttgart - Mainz 05, 2019-01-19, Bundesliga, 373393
4.0 2.0 11.0 3.0 0.0 3.0 2.66 0.66 2.66 1.0 1.0 4.0     5.0 6.0 6.0 2.0 2.0 2.0 2.33 1.33 2.33     2

% RasenBallsport Leipzig - Borussia Dortmund, 2019-01-19, Bundesliga, 373394
9.0 4.0 4.0 3.0 0.0 3.0 4.0 1.0 1.0 1.66 1.66 2.66     13.0 3.0 1.0 5.33 0.33 0.33 3.33 1.33 1.33     2

% Carpi - Foggia, 2019-01-19, Serie B, 373633
4.0 5.0 9.0 3.0 1.0 2.0 1.66 1.66 2.66 1.0 1.0 4.0     5.0 6.0 7.0 1.0 3.0 2.0 0.33 2.33 3.33     2

% Crotone - Cittadella, 2019-01-19, Serie B, 373635
3.0 4.0 11.0 0.0 1.0 5.0 0.33 3.33 2.33 1.66 1.66 2.66     6.0 8.0 4.0 1.0 3.0 2.0 0.33 4.33 1.33     X

% Perugia - Brescia, 2019-01-19, Serie B, 373636
7.0 5.0 6.0 2.0 2.0 2.0 4.33 1.33 0.33 3.0 2.0 1.0     8.0 8.0 2.0 3.0 2.0 1.0 1.0 4.0 1.0     2

% Spezia - Venezia, 2019-01-19, Serie B, 373638
7.0 5.0 6.0 2.0 3.0 1.0 2.33 2.33 1.33 1.0 3.0 2.0     5.0 6.0 7.0 2.0 3.0 1.0 1.0 3.0 2.0     X

% Lecce - Benevento, 2019-01-19, Serie B, 373639
8.0 6.0 4.0 2.0 2.0 2.0 2.66 1.66 1.66 2.33 1.33 2.33     8.0 5.0 5.0 2.0 3.0 1.0 2.0 3.0 1.0     X

% Boavista - Portimonense, 2019-01-19, Primeira Liga, 373968
4.0 4.0 9.0 2.0 1.0 3.0 2.33 1.33 2.33 3.0 1.0 2.0     7.0 3.0 7.0 3.0 1.0 2.0 2.66 0.66 2.66     2

% Belenenses - Tondela, 2019-01-19, Primeira Liga, 373972
7.0 7.0 3.0 4.0 1.0 1.0 4.0 1.0 1.0 1.0 3.0 2.0     5.0 3.0 9.0 3.0 0.0 3.0 2.33 0.33 3.33     X

% Sporting CP - Moreirense, 2019-01-19, Primeira Liga, 373975
11.0 2.0 4.0 3.0 1.0 2.0 3.66 1.66 0.66 5.0 1.0 0.0     9.0 1.0 7.0 4.0 0.0 2.0 3.33 0.33 2.33     1

% CD Cova da Piedade - Vitoria de Guimaraes B, 2019-01-19, Segunda Liga, 373991
4.0 5.0 8.0 2.0 0.0 4.0 2.0 1.0 3.0 2.0 2.0 2.0     5.0 5.0 7.0 2.0 1.0 3.0 0.66 2.66 2.66     1

% Famalicao - Farense, 2019-01-19, Segunda Liga, 373994
10.0 4.0 2.0 4.0 2.0 0.0 1.66 3.66 0.66 2.0 2.0 2.0     6.0 5.0 6.0 2.0 1.0 3.0 2.0 2.0 2.0     X

% FC Porto B - Estoril, 2019-01-19, Segunda Liga, 373995
7.0 3.0 7.0 5.0 1.0 0.0 4.33 1.33 0.33 1.66 1.66 2.66     9.0 3.0 4.0 3.0 1.0 2.0 2.66 1.66 1.66     1

% Braga B - Pacos de Ferreira, 2019-01-19, Segunda Liga, 373997
5.0 1.0 11.0 2.0 0.0 4.0 2.33 0.33 3.33 1.66 1.66 2.66     13.0 1.0 3.0 5.0 0.0 1.0 4.66 0.66 0.66     1

% Roma - Torino, 2019-01-19, Serie A, 379180
8.0 6.0 5.0 3.0 2.0 1.0 3.0 2.0 1.0 5.0 0.0 1.0     6.0 9.0 4.0 2.0 3.0 1.0 1.33 4.33 0.33     1

% Udinese - Parma, 2019-01-19, Serie A, 379181
4.0 6.0 9.0 1.0 3.0 2.0 2.33 1.33 2.33 2.0 2.0 2.0     7.0 4.0 8.0 1.0 2.0 3.0 1.66 0.66 3.66     2

% Inter - Sassuolo, 2019-01-19, Serie A, 379182
12.0 3.0 4.0 3.0 2.0 1.0 4.0 1.0 1.0 1.0 0.0 5.0     6.0 7.0 6.0 1.0 3.0 2.0 2.66 1.66 1.66     X

% Real Madrid - Sevilla, 2019-01-19, Liga BBVA, 379185
9.0 3.0 6.0 3.33 1.33 1.33 2.66 1.66 1.66 2.0 1.0 3.0     9.0 6.0 4.0 1.33 3.33 1.33 0.66 3.66 1.66     1

% SD Huesca - Atletico Madrid, 2019-01-19, Liga BBVA, 379186
2.0 5.0 12.0 1.0 2.0 3.0 1.33 3.33 1.33 1.66 1.66 2.66     10.0 8.0 1.0 4.0 2.0 0.0 2.33 2.33 1.33     2

% Celta Vigo - Valencia, 2019-01-19, Liga BBVA, 379187
5.0 6.0 8.0 0.0 1.0 5.0 1.66 1.66 2.66 3.0 1.0 2.0     4.0 11.0 4.0 1.66 2.66 1.66 1.33 2.33 2.33     2

% Almeria - Cadiz, 2019-01-19, Liga Adelante, 379188
7.0 8.0 6.0 0.0 5.0 1.0 2.0 3.0 1.0 0.33 1.33 4.33     9.0 6.0 6.0 4.0 1.0 1.0 3.0 1.0 2.0     X

% Numancia - Cordoba, 2019-01-19, Liga Adelante, 379189
5.0 8.0 8.0 1.0 2.0 3.0 2.33 0.33 3.33 1.0 5.0 0.0     3.0 9.0 9.0 1.0 3.0 2.0 0.33 3.33 2.33     1

% Rayo Majadahonda - Real Zaragoza, 2019-01-19, Liga Adelante, 379190
6.0 4.0 11.0 0.0 3.0 3.0 1.66 2.66 1.66 1.66 1.66 2.66     5.0 7.0 9.0 2.0 1.0 3.0 2.33 0.33 3.33     X

% Malaga - Lugo, 2019-01-19, Liga Adelante, 379191
12.0 3.0 6.0 3.0 2.0 1.0 4.66 0.66 0.66 2.66 1.66 1.66     5.0 8.0 8.0 2.0 3.0 1.0 0.66 2.66 2.66     1

% Reus - Las Palmas, 2019-01-19, Liga Adelante, 379192
5.0 6.0 10.0 1.0 2.0 3.0 1.0 3.0 2.0 1.66 1.66 2.66     6.0 10.0 5.0 1.0 3.0 2.0 0.66 1.66 3.66     2

% Lens - Nancy, 2019-01-19, Ligue 2, 379196
9.0 5.0 5.0 1.0 3.0 2.0 1.66 1.66 2.66 2.33 2.33 1.33     3.0 4.0 12.0 2.0 3.0 1.0 2.0 3.0 1.0     1

% Niort - Grenoble, 2019-01-19, Ligue 2, 379197
9.0 5.0 6.0 2.0 3.0 1.0 2.66 1.66 1.66 1.66 1.66 2.66     9.0 5.0 6.0 2.0 2.0 2.0 3.33 1.33 1.33     X

% Huddersfield Town - Manchester City, 2019-01-20, Premier League, 373153
2.0 5.0 15.0 0.0 1.0 5.0 0.66 0.66 4.66 0.33 2.33 3.33     16.0 2.0 3.0 3.0 0.0 3.0 2.0 1.0 3.0     2

% Fulham - Tottenham Hotspur, 2019-01-20, Premier League, 373154
3.0 5.0 14.0 1.0 2.0 3.0 1.66 2.66 1.66 1.33 1.33 3.33     16.0 0.0 6.0 4.0 0.0 2.0 3.33 1.33 1.33     2

% 1. FC Nürnberg - Hertha BSC, 2019-01-20, Bundesliga, 373395
2.0 5.0 10.0 0.0 3.0 3.0 1.0 3.0 2.0 2.0 2.0 2.0     6.0 6.0 5.0 2.0 2.0 2.0 1.66 1.66 2.66     2

% Schalke 04 - Wolfsburg, 2019-01-20, Bundesliga, 373396
5.0 3.0 9.0 2.0 2.0 2.0 2.0 1.0 3.0 4.0 1.0 1.0     8.0 4.0 5.0 3.0 1.0 2.0 3.0 1.0 2.0     1

% Napoli - Lazio, 2019-01-20, Serie A, 373601
14.0 2.0 3.0 5.0 0.0 1.0 3.66 1.66 0.66 2.0 2.0 2.0     9.0 5.0 5.0 2.0 3.0 1.0 2.0 2.0 2.0     1

% Fiorentina - Sampdoria, 2019-01-20, Serie A, 373602
6.0 8.0 5.0 2.0 2.0 2.0 1.66 1.66 2.66 1.0 3.0 2.0     8.0 5.0 6.0 4.0 1.0 1.0 1.33 2.33 2.33     X

% Cagliari - Empoli, 2019-01-20, Serie A, 373604
4.0 8.0 7.0 1.0 2.0 3.0 2.33 2.33 1.33 2.0 1.0 3.0     4.0 4.0 11.0 1.0 1.0 4.0 0.66 1.66 3.66     X

% Frosinone - Atalanta, 2019-01-20, Serie A, 373605
1.0 7.0 11.0 0.0 3.0 3.0 1.0 3.0 2.0 1.0 2.0 3.0     8.0 4.0 7.0 3.0 1.0 2.0 3.33 0.33 2.33     2

% Genoa - Milan, 2019-01-20, Serie A, 373606
5.0 5.0 9.0 1.0 2.0 3.0 1.33 4.33 0.33 1.66 1.66 2.66     8.0 7.0 4.0 2.0 3.0 1.0 1.0 4.0 1.0     2

% SPAL - Bologna, 2019-01-20, Serie A, 373609
4.0 5.0 10.0 0.0 4.0 2.0 0.66 3.66 1.66 2.66 1.66 1.66     2.0 7.0 10.0 0.0 2.0 4.0 0.66 1.66 3.66     X

% Villarreal - Athletic Bilbao, 2019-01-20, Liga BBVA, 374127
3.0 8.0 8.0 1.0 3.0 2.0 2.0 2.0 2.0 2.0 2.0 2.0     4.0 10.0 5.0 2.0 3.0 1.0 1.66 1.66 2.66     X

% Barcelona - Leganes, 2019-01-20, Liga BBVA, 374128
13.0 4.0 2.0 5.0 1.0 0.0 4.0 1.0 1.0 3.66 0.66 1.66     5.0 7.0 7.0 2.0 3.0 1.0 1.0 2.0 3.0     1

% Rayo Vallecano - Real Sociedad, 2019-01-20, Liga BBVA, 374130
5.0 4.0 10.0 3.0 0.0 3.0 2.66 1.66 1.66 1.66 2.66 1.66     6.0 4.0 8.0 2.0 0.0 4.0 2.0 1.0 3.0     X

% Real Betis - Girona, 2019-01-20, Liga BBVA, 374131
7.0 5.0 6.0 3.0 2.0 1.0 2.66 2.66 0.66 3.0 2.0 1.0     5.0 9.0 5.0 1.0 4.0 1.0 2.66 1.66 1.66     1

% Eibar - RCD Espanyol, 2019-01-20, Liga BBVA, 374133
5.0 7.0 7.0 1.0 4.0 1.0 2.0 4.0 0.0 1.66 1.66 2.66     7.0 3.0 8.0 3.0 1.0 2.0 1.66 2.66 1.66     1

% Levante - Real Valladolid, 2019-01-20, Liga BBVA, 374134
6.0 5.0 8.0 0.0 2.0 4.0 1.66 1.66 2.66 1.66 1.66 2.66     5.0 7.0 7.0 1.0 2.0 3.0 1.33 2.33 2.33     1

% Deportivo La Coruna - Albacete, 2019-01-20, Liga Adelante, 374141
9.0 9.0 3.0 2.0 2.0 2.0 4.66 0.66 0.66 1.66 2.66 1.66     10.0 9.0 2.0 4.0 2.0 0.0 3.33 2.33 0.33     1

% Extremadura - Real Oviedo, 2019-01-20, Liga Adelante, 374142
5.0 6.0 10.0 3.0 1.0 2.0 2.33 0.33 3.33 1.66 2.66 1.66     8.0 6.0 7.0 3.0 2.0 1.0 1.33 1.33 3.33     2

% Granada - Elche, 2019-01-20, Liga Adelante, 374143
11.0 7.0 3.0 1.0 4.0 1.0 2.33 2.33 1.33 1.33 2.33 2.33     4.0 9.0 7.0 1.0 2.0 3.0 1.66 0.66 3.66     1

% Osasuna - Mallorca, 2019-01-20, Liga Adelante, 374146
10.0 5.0 6.0 4.0 0.0 2.0 4.66 0.66 0.66 2.0 2.0 2.0     9.0 6.0 6.0 4.0 1.0 1.0 1.0 3.0 2.0     1

% Sporting Gijon - Alcorcon, 2019-01-20, Liga Adelante, 374149
6.0 9.0 6.0 2.0 3.0 1.0 2.0 2.0 2.0 2.0 3.0 1.0     10.0 5.0 6.0 0.0 2.0 4.0 1.66 0.66 3.66     1

% Tenerife - Gimnastic, 2019-01-20, Liga Adelante, 374150
4.0 10.0 7.0 2.0 2.0 2.0 3.33 2.33 0.33 2.0 2.0 2.0     4.0 4.0 12.0 1.0 1.0 4.0 1.0 0.0 5.0     1

% Padova - Verona, 2019-01-20, Serie B, 379243
2.0 6.0 10.0 0.0 2.0 4.0 0.33 2.33 3.33 2.0 2.0 2.0     8.0 6.0 4.0 3.0 3.0 0.0 1.33 3.33 1.33     1

% Cosenza - Ascoli, 2019-01-20, Serie B, 379244
4.0 7.0 7.0 2.0 2.0 2.0 2.33 3.33 0.33 2.0 2.0 2.0     6.0 6.0 6.0 2.0 2.0 2.0 1.33 1.33 3.33     X

% Pescara - Cremonese, 2019-01-20, Serie B, 379245
9.0 5.0 4.0 4.0 0.0 2.0 4.33 0.33 1.33 1.0 4.0 1.0     5.0 7.0 6.0 2.0 1.0 3.0 0.66 1.66 3.66     X

% Rennes - Montpellier, 2019-01-20, Ligue 1, 379246
8.0 5.0 6.0 5.0 1.0 0.0 3.33 1.33 1.33 3.0 2.0 1.0     8.0 7.0 4.0 2.0 3.0 1.0 2.66 1.66 1.66     X

% Caen - Marseille, 2019-01-20, Ligue 1, 379247
3.0 9.0 8.0 1.0 2.0 3.0 1.33 0.33 4.33 0.0 0.0 6.0     8.0 3.0 6.0 1.33 1.33 3.33 1.66 1.66 2.66     2

% Saint-Etienne - Lyon, 2019-01-20, Ligue 1, 379248
9.0 6.0 4.0 3.0 1.0 2.0 3.66 1.66 0.66 2.0 1.0 3.0     9.0 6.0 4.0 1.33 3.33 1.33 1.33 3.33 1.33     2

% Aves - Vitoria de Setubal, 2019-01-20, Primeira Liga, 379249
3.0 3.0 11.0 0.0 2.0 4.0 0.66 2.66 2.66 2.0 1.0 3.0     5.0 3.0 8.0 2.0 0.0 4.0 2.33 0.33 3.33     1

% Santa Clara - Maritimo, 2019-01-20, Primeira Liga, 379250
6.0 3.0 8.0 2.0 1.0 3.0 0.33 0.33 5.33 1.66 1.66 2.66     5.0 2.0 10.0 2.0 1.0 3.0 1.66 1.66 2.66     2

% Rio Ave - Feirense, 2019-01-20, Primeira Liga, 379251
5.0 4.0 7.0 0.0 1.0 5.0 0.66 2.66 2.66 2.33 0.33 3.33     2.0 7.0 8.0 0.0 4.0 2.0 0.33 2.33 3.33     X

% Leixoes - Benfica B, 2019-01-20, Segunda Liga, 379252
6.0 3.0 8.0 2.0 0.0 4.0 3.66 0.66 1.66 3.0 1.0 2.0     8.0 4.0 4.0 2.0 2.0 2.0 1.33 2.33 2.33     1

% Academico Viseu - Sporting Covilha, 2019-01-20, Segunda Liga, 379253
5.0 4.0 7.0 2.0 1.0 3.0 3.33 1.33 1.33 2.0 3.0 1.0     4.0 4.0 9.0 2.0 1.0 3.0 1.66 0.66 3.66     X

% Mafra - Varzim, 2019-01-20, Segunda Liga, 379254
7.0 4.0 6.0 2.0 0.0 4.0 2.33 1.33 2.33 3.0 2.0 1.0     6.0 4.0 7.0 3.0 1.0 2.0 2.33 1.33 2.33     1

% Arouca - Penafiel, 2019-01-20, Segunda Liga, 379255
3.0 6.0 8.0 0.0 5.0 1.0 0.33 3.33 2.33 2.0 1.0 3.0     8.0 2.0 7.0 3.0 0.0 3.0 2.33 0.33 3.33     1

% Academica - Oliveirense, 2019-01-20, Segunda Liga, 379256
8.0 3.0 6.0 4.0 1.0 1.0 3.0 0.0 3.0 2.0 2.0 2.0     3.0 7.0 7.0 1.0 2.0 3.0 0.66 1.66 3.66     1

%%%
% Omonia Nicosia - AEK Larnaca, 2019-01-06, 1st League, 369151
5 2 7 2.0 2.0 2.0 1.33 1.33 3.33 1.0 0.0 5.0      6 3 4 1.0 2.0 3.0 1.66 1.66 2.66      1

% Nea Salamis - Apollon Limassol, 2019-01-06, 1st League, 369152
7 2 5 2.0 1.0 3.0 3.66 1.66 0.66 0.0 2.0 4.0      8 3 2 2.0 2.0 2.0 2.0 2.0 2.0      2

% Arconatese - Borgosesia, 2019-01-06, Serie D:: grp A, 369737
3 7 7 0.0 2.0 4.0 1.0 4.0 1.0 1.0 2.0 3.0      4 6 7 3.0 1.0 2.0 2.33 2.33 1.33      X

% Borgaro Torinese - Savona, 2019-01-06, Serie D:: grp A, 369738
1 2 14 1.0 1.0 4.0 1.33 1.33 3.33 1.66 1.66 2.66      9 7 1 3.0 3.0 0.0 2.33 3.33 0.33      2

% Bustese Milano City - Folgore Caratese, 2019-01-06, Serie D:: grp A, 369739
4 4 9 2.0 2.0 2.0 2.0 0.0 4.0 1.66 2.66 1.66      5 8 4 2.0 2.0 2.0 2.0 2.0 2.0      1

% Lecco - Inveruno, 2019-01-06, Serie D:: grp A, 369740
13 3 1 3.0 2.0 1.0 3.66 1.66 0.66 3.0 1.0 2.0      7 6 4 4.0 2.0 0.0 3.33 2.33 0.33      1

% Pro Dronero - ASD Calcio Chieri 1955, 2019-01-06, Serie D:: grp A, 369741
3 3 10 0.0 1.0 5.0 1.33 1.33 3.33 1.66 1.66 2.66      7 1 9 2.0 1.0 3.0 0.33 1.33 4.33      2

% SCD Ligorna - Bra, 2019-01-06, Serie D:: grp A, 369742
6 9 2 1.0 5.0 0.0 1.33 3.33 1.33 2.0 1.0 3.0      7 4 6 2.0 2.0 2.0 2.33 2.33 1.33      1

% Sestri Levante - AS Casale, 2019-01-06, Serie D:: grp A, 369743
6 4 7 2.0 2.0 2.0 4.0 1.0 1.0 1.66 1.66 2.66      8 8 1 5.0 1.0 0.0 4.0 2.0 0.0      2

% Stresa - US Fezzanese, 2019-01-06, Serie D:: grp A, 369744
3 4 10 1.0 2.0 3.0 0.33 0.33 5.33 1.66 1.66 2.66      6 3 8 2.0 2.0 2.0 1.0 1.0 4.0      X

% Unione Sanremo - Lavagnese, 2019-01-06, Serie D:: grp A, 369745
10 5 2 1.0 3.0 2.0 2.33 2.33 1.33 2.33 2.33 1.33      4 8 4 1.0 3.0 2.0 1.33 2.33 2.33      1

% Ciserano - Caravaggio, 2019-01-06, Serie D:: grp B, 369746
4 4 9 2.0 1.0 3.0 1.33 1.33 3.33 3.0 0.0 3.0      5 5 7 1.0 1.0 4.0 2.33 1.33 2.33      X

% Como - Ambrosiana, 2019-01-06, Serie D:: grp B, 369747
13 3 1 5.0 1.0 0.0 5.33 0.33 0.33 2.66 1.66 1.66      3 5 9 1.0 3.0 2.0 1.33 2.33 2.33      1

% Legnago Salus - Scanzorosciate, 2019-01-06, Serie D:: grp B, 369748
3 4 10 3.0 0.0 3.0 2.66 1.66 1.66 1.66 1.66 2.66      2 8 7 1.0 4.0 1.0 1.33 3.33 1.33      1

% Mantova - Virtus Bergamo Alzanoseriate, 2019-01-06, Serie D:: grp B, 369749
14 2 1 5.0 1.0 0.0 5.33 0.33 0.33 2.66 1.66 1.66      7 4 6 2.0 2.0 2.0 2.33 2.33 1.33      X

% Pontisola - Caronnese, 2019-01-06, Serie D:: grp B, 369750
7 2 8 3.0 0.0 3.0 4.33 0.33 1.33 1.66 1.66 2.66      11 3 3 4.0 1.0 1.0 2.33 1.33 2.33      X

% Pro Sesto - Sondrio Calcio, 2019-01-06, Serie D:: grp B, 369751
11 3 3 4.0 1.0 1.0 3.33 1.33 1.33 3.0 2.0 1.0      6 5 6 1.0 1.0 4.0 1.66 1.66 2.66      X

% Rezzato - Villafranca, 2019-01-06, Serie D:: grp B, 369752
11 2 4 4.0 0.0 2.0 4.33 1.33 0.33 1.66 2.66 1.66      3 5 9 2.0 1.0 3.0 2.33 1.33 2.33      2

% Seregno - Darfo Boario, 2019-01-06, Serie D:: grp B, 369753
4 6 7 1.0 0.0 5.0 1.33 1.33 3.33 1.0 3.0 2.0      3 7 7 0.0 2.0 4.0 1.33 1.33 3.33      2

% ArzignanoChiampo - Union Feltre, 2019-01-06, Serie D:: grp C, 369755
8 5 4 3.0 2.0 1.0 2.33 1.33 2.33 3.66 0.66 1.66      7 9 1 5.0 1.0 0.0 3.0 3.0 0.0      1

% Belluno - Cjarlins Muzane, 2019-01-06, Serie D:: grp C, 369756
4 9 4 4.0 2.0 0.0 3.0 3.0 0.0 2.0 1.0 3.0      4 7 6 1.0 1.0 4.0 0.33 1.33 4.33      2

% Campodarsego - Virtus Bolzano, 2019-01-06, Serie D:: grp C, 369757
7 8 2 1.0 4.0 1.0 4.0 2.0 0.0 2.66 1.66 1.66      7 5 5 4.0 1.0 1.0 3.33 1.33 1.33      1

% Cartigliano - Trento, 2019-01-06, Serie D:: grp C, 369758
4 9 4 0.0 4.0 2.0 0.33 3.33 2.33 2.66 1.66 1.66      2 7 8 1.0 3.0 2.0 1.33 2.33 2.33      1

% Clodiense - Adriese, 2019-01-06, Serie D:: grp C, 369759
2 6 9 1.0 2.0 3.0 0.33 2.33 3.33 1.0 1.0 4.0      11 4 2 4.0 1.0 1.0 3.33 1.33 1.33      X

% Montebelluna - Este, 2019-01-06, Serie D:: grp C, 369760
6 5 6 1.0 3.0 2.0 2.33 2.33 1.33 3.0 0.0 3.0      6 8 3 0.0 4.0 2.0 1.0 2.0 3.0      1

% Sandona - Levico Terme, 2019-01-06, Serie D:: grp C, 369761
4 7 6 0.0 2.0 4.0 0.33 2.33 3.33 1.66 1.66 2.66      4 4 9 1.0 2.0 3.0 0.33 2.33 3.33      X

% St. Georgen - Chions, 2019-01-06, Serie D:: grp C, 369762
4 4 9 1.0 3.0 2.0 2.33 2.33 1.33 2.0 2.0 2.0      7 5 5 2.0 3.0 1.0 1.0 4.0 1.0      1

% Tamai - Delta Calcio Rovigo, 2019-01-06, Serie D:: grp C, 369763
3 4 10 1.0 1.0 4.0 0.0 0.0 6.0 2.0 3.0 1.0      5 10 2 3.0 3.0 0.0 3.33 2.33 0.33      2

% Axys Zola - Pavia, 2019-01-06, Serie D:: grp D, 369764
4 4 9 1.0 1.0 4.0 3.0 1.0 2.0 2.66 1.66 1.66      7 4 6 0.0 4.0 2.0 2.0 1.0 3.0      1

% Cavenago Fanfulla - Classe, 2019-01-06, Serie D:: grp D, 369765
8 4 5 2.0 3.0 1.0 1.33 3.33 1.33 1.66 1.66 2.66      3 3 11 1.0 2.0 3.0 0.33 1.33 4.33      1

% Ciliverghe Mazzano - Fiorenzuola, 2019-01-06, Serie D:: grp D, 369766
3 4 10 1.0 2.0 3.0 1.0 2.0 3.0 3.0 1.0 2.0      8 4 5 3.0 1.0 2.0 1.33 3.33 1.33      1

% Lentigione - Adrense, 2019-01-06, Serie D:: grp D, 369767
4 8 5 3.0 3.0 0.0 3.33 1.33 1.33 1.66 2.66 1.66      4 6 7 1.0 2.0 3.0 2.33 2.33 1.33      X

% Mezzolara - Sasso Marconi, 2019-01-06, Serie D:: grp D, 369768
4 8 5 1.0 3.0 2.0 2.0 3.0 1.0 3.0 2.0 1.0      5 5 7 1.0 3.0 2.0 2.0 1.0 3.0      1

% OltrepoVoghera - Calvina, 2019-01-06, Serie D:: grp D, 369769
2 9 6 1.0 3.0 2.0 1.0 5.0 0.0 1.66 1.66 2.66      3 6 8 1.0 3.0 2.0 0.0 2.0 4.0      2

% Pergolettese - San Marino, 2019-01-06, Serie D:: grp D, 369770
10 5 2 4.0 1.0 1.0 5.33 0.33 0.33 1.66 2.66 1.66      4 9 4 3.0 3.0 0.0 2.66 1.66 1.66      1

% Reggio Audace - Crema, 2019-01-06, Serie D:: grp D, 369771
9 4 4 3.0 1.0 2.0 3.33 1.33 1.33 1.66 1.66 2.66      7 5 5 2.0 3.0 1.0 2.33 3.33 0.33      1

% Vigor Carpaneto - Modena, 2019-01-06, Serie D:: grp D, 369772
7 7 3 2.0 2.0 2.0 3.33 2.33 0.33 1.66 1.66 2.66      11 5 1 2.0 4.0 0.0 2.0 4.0 0.0      1

% US Gavorrano - Seravezza, 2019-01-06, Serie D:: grp E, 369773
6 6 7 2.0 1.0 3.0 2.33 1.33 2.33 1.66 2.66 1.66      9 6 4 4.0 1.0 1.0 2.33 1.33 2.33      1

% Aglianese - Sangimignano, 2019-01-06, Serie D:: grp E, 369774
4 8 7 1.0 4.0 1.0 2.33 1.33 2.33 1.66 2.66 1.66      1 8 10 0.0 2.0 4.0 0.33 0.33 5.33      X

% Bastia Calcio - Ponsacco, 2019-01-06, Serie D:: grp E, 369775
5 4 10 1.0 1.0 4.0 2.66 1.66 1.66 1.66 1.66 2.66      11 4 4 3.0 0.0 3.0 1.33 1.33 3.33      X

% Ghivizzano Borgoamozzano - Aquila Montevarchi, 2019-01-06, Serie D:: grp E, 369776
12 4 3 4.0 1.0 1.0 3.33 1.33 1.33 1.66 2.66 1.66      9 7 3 3.0 3.0 0.0 4.33 1.33 0.33      2

% Massese - Tuttocuoio, 2019-01-06, Serie D:: grp E, 369777
2 5 12 1.0 1.0 4.0 0.33 1.33 4.33 1.66 1.66 2.66      12 2 5 3.0 1.0 2.0 1.66 0.66 3.66      2

% Pianese - Cannara, 2019-01-06, Serie D:: grp E, 369778
8 7 4 1.0 4.0 1.0 2.33 3.33 0.33 2.66 1.66 1.66      5 10 4 1.0 4.0 1.0 1.33 3.33 1.33      1

% Real Forte Querceta - Trestina, 2019-01-06, Serie D:: grp E, 369779
3 7 9 1.0 2.0 3.0 1.33 1.33 3.33 1.66 1.66 2.66      9 4 6 2.0 2.0 2.0 1.33 2.33 2.33      1

% San Donato - Viareggio, 2019-01-06, Serie D:: grp E, 369780
8 7 4 5.0 0.0 1.0 4.33 1.33 0.33 2.0 1.0 3.0      6 8 5 4.0 2.0 0.0 2.33 3.33 0.33      1

% Sangiovannese - Prato, 2019-01-06, Serie D:: grp E, 369781
8 5 6 2.0 1.0 3.0 2.33 1.33 2.33 2.66 1.66 1.66      5 6 8 3.0 1.0 2.0 0.33 2.33 3.33      X

% Scandicci - Sinalunghese, 2019-01-06, Serie D:: grp E, 369782
4 4 11 1.0 1.0 4.0 2.33 0.33 3.33 1.66 2.66 1.66      3 8 8 1.0 2.0 3.0 0.33 1.33 4.33      2

% Vastese - Matelica, 2019-01-06, Serie D:: grp F, 369783
6 5 8 3.0 0.0 3.0 4.0 1.0 1.0 1.33 0.33 4.33      13 1 5 2.0 1.0 3.0 2.33 1.33 2.33      1

% ASD Pineto - Francavilla Calcio 1927, 2019-01-06, Serie D:: grp F, 369784
9 5 5 4.0 1.0 1.0 3.33 1.33 1.33 2.0 2.0 2.0      7 9 3 2.0 4.0 0.0 1.0 4.0 1.0      X

% Jesina - Recanatese, 2019-01-06, Serie D:: grp F, 369787
4 7 8 2.0 2.0 2.0 2.33 1.33 2.33 2.0 2.0 2.0      8 8 3 3.0 2.0 1.0 3.33 1.33 1.33      X

% Montegiorgio - Sanmaurese, 2019-01-06, Serie D:: grp F, 369788
6 5 8 3.0 1.0 2.0 3.0 1.0 2.0 1.66 2.66 1.66      5 10 4 1.0 4.0 1.0 2.33 3.33 0.33      1

% R.C. Cesena - Avezzano, 2019-01-06, Serie D:: grp F, 369789
14 2 3 5.0 1.0 0.0 4.0 1.0 1.0 2.66 1.66 1.66      5 6 8 2.0 1.0 3.0 1.33 2.33 2.33      1

% San Nicolo - Castelfidardo, 2019-01-06, Serie D:: grp F, 369791
8 6 5 0.0 4.0 2.0 2.33 2.33 1.33 3.0 0.0 3.0      2 6 11 0.0 1.0 5.0 1.33 1.33 3.33      1

% Savignanese - Santarcangelo, 2019-01-06, Serie D:: grp F, 369792
5 6 8 0.0 2.0 4.0 1.33 1.33 3.33 1.66 1.66 2.66      4 9 6 0.0 4.0 2.0 0.33 4.33 1.33      1

% Monterosi - ASD Trastevere, 2019-01-06, Serie D:: grp G, 369793
10 4 5 2.0 2.0 2.0 2.0 2.0 2.0 3.0 1.0 2.0      12 3 4 4.0 0.0 2.0 3.33 0.33 2.33      1

% ASD Lanusei - Torres, 2019-01-06, Serie D:: grp G, 369794
12 5 2 5.0 1.0 0.0 5.33 0.33 0.33 2.33 0.33 3.33      5 3 11 2.0 0.0 4.0 1.0 1.0 4.0      1

% Aprilia - Vis Artena, 2019-01-06, Serie D:: grp G, 369795
9 4 6 3.0 1.0 2.0 3.33 2.33 0.33 1.66 1.66 2.66      8 2 9 2.0 1.0 3.0 1.33 1.33 3.33      2

% Atletico SFF - Latina, 2019-01-06, Serie D:: grp G, 369796
10 3 6 4.0 0.0 2.0 5.33 0.33 0.33 2.0 2.0 2.0      7 5 7 2.0 2.0 2.0 2.0 3.0 1.0      X

% Avellino - Ladispoli, 2019-01-06, Serie D:: grp G, 369797
10 4 5 3.0 1.0 2.0 2.33 2.33 1.33 2.66 1.66 1.66      6 3 10 2.0 1.0 3.0 1.0 1.0 4.0      1

% Cassino - Anziolavinio, 2019-01-06, Serie D:: grp G, 369798
9 3 7 4.0 1.0 1.0 3.33 1.33 1.33 3.0 1.0 2.0      2 2 15 0.0 0.0 6.0 0.33 1.33 4.33      1

% Castiadas - Ostia Mare, 2019-01-06, Serie D:: grp G, 369799
3 7 9 0.0 2.0 4.0 1.0 3.0 2.0 2.0 1.0 3.0      6 3 10 0.0 1.0 5.0 1.33 2.33 2.33      X

% Citta di Anagni - SSD Albalonga, 2019-01-06, Serie D:: grp G, 369800
4 9 6 3.0 2.0 1.0 1.33 4.33 0.33 1.66 1.66 2.66      9 7 3 5.0 1.0 0.0 2.33 2.33 1.33      2

% Flaminia - Lupa Roma, 2019-01-06, Serie D:: grp G, 369801
5 5 9 1.0 1.0 4.0 2.33 2.33 1.33 2.0 2.0 2.0      3 7 9 2.0 1.0 3.0 1.33 1.33 3.33      1

% Latte Dolce - Budoni, 2019-01-06, Serie D:: grp G, 369802
10 7 2 4.0 1.0 1.0 5.0 1.0 0.0 1.0 2.0 3.0      5 4 10 2.0 1.0 3.0 2.33 1.33 2.33      1

% Audace Cerignola - Pomigliano, 2019-01-06, Serie D:: grp H, 369803
10 4 3 4.0 1.0 1.0 4.33 1.33 0.33 3.0 2.0 1.0      2 5 10 1.0 2.0 3.0 1.33 1.33 3.33      1

% Citta di Fasano - Ercolanese, 2019-01-06, Serie D:: grp H, 369805
6 7 4 2.0 3.0 1.0 2.0 3.0 1.0 2.66 1.66 1.66      2 2 13 1.0 0.0 5.0 0.0 2.0 4.0      1

% Fidelis Andria - Gelbison Cilento, 2019-01-06, Serie D:: grp H, 369806
6 7 4 2.0 2.0 2.0 3.0 2.0 1.0 1.33 2.33 2.33      4 8 5 1.0 3.0 2.0 0.33 3.33 2.33      X

% Gragnano - Sorrento, 2019-01-06, Serie D:: grp H, 369807
4 5 8 1.0 4.0 1.0 2.33 2.33 1.33 1.66 1.66 2.66      4 5 8 1.0 2.0 3.0 1.0 1.0 4.0      1

% Nola - Francavilla, 2019-01-06, Serie D:: grp H, 369808
6 3 8 3.0 2.0 1.0 5.0 0.0 1.0 2.66 1.66 1.66      5 8 4 1.0 3.0 2.0 2.0 1.0 3.0      2

% Sarnese 1926 - Gravina, 2019-01-06, Serie D:: grp H, 369809
3 5 9 0.0 2.0 4.0 1.33 1.33 3.33 1.0 2.0 3.0      5 4 8 1.0 2.0 3.0 0.33 1.33 4.33      X

% Savoia - AZ Picerno ASD, 2019-01-06, Serie D:: grp H, 369810
6 7 4 2.0 3.0 1.0 2.0 3.0 1.0 1.66 1.66 2.66      12 3 2 4.0 2.0 0.0 3.0 3.0 0.0      X

% AP Turris - Roccella, 2019-01-06, Serie D:: grp I, 369812
11 3 3 4.0 1.0 1.0 6.0 0.0 0.0 2.0 1.0 3.0      5 6 6 2.0 2.0 2.0 0.0 3.0 3.0      1

% Bari - Messina, 2019-01-06, Serie D:: grp I, 369814
13 4 0 5.0 1.0 0.0 4.33 1.33 0.33 2.66 1.66 1.66      4 5 8 2.0 3.0 1.0 1.33 1.33 3.33      1

% Castrovillari - Portici, 2019-01-06, Serie D:: grp I, 369815
7 6 4 4.0 1.0 1.0 3.0 2.0 1.0 1.66 2.66 1.66      5 6 6 1.0 1.0 4.0 2.33 0.33 3.33      2

% Citta di Messina - US Palmese, 2019-01-06, Serie D:: grp I, 369816
6 4 7 4.0 1.0 1.0 5.33 0.33 0.33 1.66 2.66 1.66      5 7 5 2.0 0.0 4.0 1.33 1.33 3.33      2

% Cittanovese - Sancataldese, 2019-01-06, Serie D:: grp I, 369817
7 3 7 3.0 1.0 2.0 3.33 1.33 1.33 2.0 1.0 3.0      6 3 8 2.0 1.0 3.0 0.33 1.33 4.33      X

% Igea Virtus - Gela, 2019-01-06, Serie D:: grp I, 369818
3 4 10 2.0 1.0 3.0 1.33 2.33 2.33 2.33 3.33 0.33      7 3 7 1.0 1.0 4.0 3.33 0.33 2.33      X

% Locri - Nocerina, 2019-01-06, Serie D:: grp I, 369819
6 3 8 1.0 1.0 4.0 0.0 1.0 5.0 1.66 2.66 1.66      6 6 5 1.0 2.0 3.0 0.33 2.33 3.33      X

% Belenenses - Vitoria de Guimaraes, 2019-01-06, Primeira Liga, 369929
5 7 3 3.0 2.0 1.0 3.66 0.66 1.66 1.0 4.0 1.0      7 4 4 4.0 1.0 1.0 1.66 2.66 1.66      1

% SC Braga - Boavista, 2019-01-06, Primeira Liga, 369933
10 3 2 3.66 0.66 1.66 3.33 1.33 1.33 2.0 2.0 2.0      4 4 7 2.0 2.0 2.0 1.0 2.0 3.0      1

% Vitoria de Setubal - Chaves, 2019-01-06, Primeira Liga, 369934
5 2 8 2.0 0.0 4.0 2.0 1.0 3.0 1.33 3.33 1.33      2 2 11 0.0 1.0 5.0 1.0 1.0 4.0      X

% Mafra - Pacos de Ferreira, 2019-01-06, Segunda Liga, 369942
7 3 5 2.0 0.0 4.0 2.66 1.66 1.66 2.0 2.0 2.0      11 0 3 5.0 0.0 1.0 4.0 1.0 1.0      X

% AD Fafe - SC Mirandela, 2019-01-06, Camp. Nac:: grp A, 369952
9 2 3 5.0 1.0 0.0 4.33 0.33 1.33 2.0 2.0 2.0      7 4 3 4.0 1.0 1.0 2.66 2.66 0.66      1

% CD Trofense - CDC Montalegre, 2019-01-06, Camp. Nac:: grp A, 369953
9 4 1 4.0 1.0 1.0 4.66 0.66 0.66 2.0 2.0 2.0      5 4 5 3.0 1.0 2.0 3.66 0.66 1.66      1

% Gd Mirandes - CC Taipas, 2019-01-06, Camp. Nac:: grp A, 369955
1 3 10 1.0 0.0 5.0 1.33 1.33 3.33 2.0 2.0 2.0      2 4 8 0.33 2.33 3.33 1.33 2.33 2.33      1

% Gdu Torcatense - Merelinense FC, 2019-01-06, Camp. Nac:: grp A, 369956
4 3 7 2.0 2.0 2.0 1.66 0.66 3.66 2.0 2.0 2.0      3 7 4 1.0 2.0 3.0 2.33 1.33 2.33      2

% SC Maria Fonte - Fc Felgueiras 1932, 2019-01-06, Camp. Nac:: grp A, 369958
5 2 7 0.66 1.66 3.66 1.33 2.33 2.33 2.0 2.0 2.0      8 2 4 2.0 1.0 3.0 2.66 1.66 1.66      2

% AR Sao Martinho - FC Vizela, 2019-01-06, Camp. Nac:: grp A, 369959
7 6 1 2.33 2.33 1.33 3.33 1.33 1.33 2.0 2.0 2.0      12 2 0 4.0 2.0 0.0 5.33 0.33 0.33      X

% Vilaverdense FC - AD Oliveirense, 2019-01-06, Camp. Nac:: grp A, 369960
2 2 10 0.0 1.0 5.0 2.0 2.0 2.0 1.0 2.0 3.0      5 1 8 3.0 0.0 3.0 1.33 1.33 3.33      1

% AD Sanjoanense - RD Agueda, 2019-01-06, Camp. Nac:: grp B, 369962
7 3 5 2.0 2.0 2.0 2.66 1.66 1.66 2.0 2.0 2.0      6 6 3 2.0 3.0 1.0 1.66 1.66 2.66      1

% FC Cesarense - CD Cinfaes, 2019-01-06, Camp. Nac:: grp B, 369963
3 8 4 0.0 4.0 2.0 1.33 3.33 1.33 2.0 2.0 2.0      4 3 8 2.0 2.0 2.0 2.66 0.66 2.66      2

% Gondomar SC - Maritimo B, 2019-01-06, Camp. Nac:: grp B, 369965
11 3 1 4.0 1.0 1.0 4.33 1.33 0.33 2.0 2.0 2.0      4 6 4 1.0 4.0 1.0 1.0 3.0 2.0      2

% Leca FC - Uniao SC Paredes, 2019-01-06, Camp. Nac:: grp B, 369966
3 3 9 2.0 2.0 2.0 1.33 0.33 4.33 2.0 2.0 2.0      7 4 4 3.0 1.0 2.0 2.66 1.66 1.66      1

% Alverca - AD Nogueirense, 2019-01-06, Camp. Nac:: grp C, 369973
1 4 10 1.0 3.0 2.0 2.0 1.0 3.0 2.0 2.0 2.0      7 4 4 3.0 3.0 0.0 2.33 2.33 1.33      1

% Anadia - Clube Desportivo de Alcains, 2019-01-06, Camp. Nac:: grp C, 369974
7 6 2 4.0 1.0 1.0 2.66 2.66 0.66 2.0 2.0 2.0      2 3 10 1.0 1.0 4.0 0.33 1.33 4.33      1

% Caldas SC - Ad Macao, 2019-01-06, Camp. Nac:: grp C, 369976
4 4 7 2.0 0.0 4.0 1.33 1.33 3.33 2.0 2.0 2.0      2 3 10 1.0 2.0 3.0 1.66 1.66 2.66      1

% Sertanense - Loures, 2019-01-06, Camp. Nac:: grp C, 369978
3 8 4 0.0 4.0 2.0 2.33 2.33 1.33 2.0 2.0 2.0      4 3 8 2.33 0.33 3.33 2.33 1.33 2.33      X

% SU Sintrense - Arc Oleiros, 2019-01-06, Camp. Nac:: grp C, 369979
7 6 2 2.0 2.0 2.0 2.33 2.33 1.33 2.0 2.0 2.0      6 5 4 2.0 4.0 0.0 2.33 2.33 1.33      1

% Uniao Leiria - GD Peniche, 2019-01-06, Camp. Nac:: grp C, 369980
9 2 4 4.0 0.0 2.0 3.33 1.33 1.33 2.0 2.0 2.0      3 4 8 1.0 2.0 3.0 1.66 2.66 1.66      1

% Vilafranquense - Torreense, 2019-01-06, Camp. Nac:: grp C, 369981
9 4 2 3.0 2.0 1.0 3.66 1.66 0.66 3.0 1.0 2.0      7 5 3 3.0 1.0 2.0 2.33 1.33 2.33      1

% 1 Dezembro - SC Olhanense, 2019-01-06, Camp. Nac:: grp D, 369984
5 6 4 0.33 3.33 2.33 1.0 3.0 2.0 2.0 2.0 2.0      7 3 5 4.0 0.0 2.0 0.66 1.66 3.66      2

% Amora FC - Casa Pia Atletico, 2019-01-06, Camp. Nac:: grp D, 369985
7 4 4 1.0 3.0 2.0 3.33 2.33 0.33 2.0 2.0 2.0      11 0 3 6.0 0.0 0.0 3.0 1.0 2.0      1

% CD Pinhalnovense - Fc Ferreiras, 2019-01-06, Camp. Nac:: grp D, 369986
6 4 5 4.0 2.0 0.0 3.0 2.0 1.0 2.0 2.0 2.0      1 5 9 0.0 4.0 2.0 0.66 3.66 1.66      X

% Co Do Montijo - Sacavenense, 2019-01-06, Camp. Nac:: grp D, 369987
7 1 7 1.0 1.0 4.0 2.66 0.66 2.66 2.0 2.0 2.0      5 4 6 1.0 3.0 2.0 1.33 3.33 1.33      X

% Louletano - Redondense Fc, 2019-01-06, Camp. Nac:: grp D, 369988
3 8 4 2.0 2.0 2.0 1.66 2.66 1.66 2.0 2.0 2.0      0 1 14 0.0 1.0 5.0 0.33 1.33 4.33      1

% Moura Atletico Clube - Sporting Clube Ideal, 2019-01-06, Camp. Nac:: grp D, 369989
4 3 8 3.0 2.0 1.0 1.66 2.66 1.66 2.0 2.0 2.0      5 6 4 3.0 2.0 1.0 1.33 2.33 2.33      X

% Praiense - Clube Oriental de Lisboa, 2019-01-06, Camp. Nac:: grp D, 369990
11 1 2 5.0 0.0 1.0 4.0 1.0 1.0 2.0 2.0 2.0      9 2 4 4.0 0.0 2.0 1.33 0.33 4.33      X

% Real SC Massama - Vasco Da Gama, 2019-01-06, Camp. Nac:: grp D, 369991
8 4 3 3.33 1.33 1.33 2.33 2.33 1.33 2.0 2.0 2.0      3 2 10 2.33 1.33 2.33 2.33 1.33 2.33      1

% SC Angrense - CF OS Armacenenses, 2019-01-06, Camp. Nac:: grp D, 369992
4 5 6 0.0 3.0 3.0 1.33 2.33 2.33 2.0 2.0 2.0      6 5 4 2.0 2.0 2.0 1.66 1.66 2.66      2

% Baroka FC - Black Leopards, 2019-01-06, Premier League, 370074
3 5 7 2.0 2.0 2.0 1.0 3.0 2.0 1.66 3.66 0.66      3 4 7 2.0 3.0 1.0 1.0 4.0 1.0      2

% Lamontville Golden Arrows - Maritzburg United, 2019-01-06, Premier League, 370075
3 7 5 2.0 2.0 2.0 3.66 0.66 1.66 3.0 3.0 0.0      1 8 5 0.0 4.0 2.0 1.66 1.66 2.66      1

% Jomo Cosmos - Maccabi Fc (rsa), 2019-01-06, 1st Division, 370084
5 5 5 2.0 1.0 3.0 3.33 2.33 0.33 2.66 1.66 1.66      5 3 7 3.0 0.0 3.0 2.33 1.33 2.33      2

% Stellenbosch FC - Royal Eagles, 2019-01-06, 1st Division, 370085
9 4 2 4.0 2.0 0.0 2.66 2.66 0.66 1.66 3.66 0.66      7 3 4 5.0 0.0 1.0 3.66 0.66 1.66      1

% Ts Galaxy Fc - Richards Bay FC, 2019-01-06, 1st Division, 370086
4 8 3 2.0 3.0 1.0 2.33 2.33 1.33 1.66 2.66 1.66      5 6 4 2.0 3.0 1.0 2.33 1.33 2.33      1

% Ts Sporting Fc - Mbombela United, 2019-01-06, 1st Division, 370087
6 4 5 2.0 1.0 3.0 2.33 0.33 3.33 2.0 2.0 2.0      7 4 3 4.0 1.0 1.0 1.33 2.33 2.33      2

% Sevilla - Atletico Madrid, 2019-01-06, Liga BBVA, 370105
9 5 3 2.33 3.33 0.33 3.33 1.33 1.33 3.0 0.0 3.0      9 7 1 3.0 3.0 0.0 2.0 3.0 1.0      X

% Real Madrid - Real Sociedad, 2019-01-06, Liga BBVA, 370107
9 3 5 3.33 1.33 1.33 2.66 1.66 1.66 5.33 0.33 0.33      5 4 8 2.0 0.0 4.0 2.0 1.0 3.0      2

% Deportivo La Coruna - Lugo, 2019-01-06, Liga Adelante, 370125
9 8 2 3.0 2.0 1.0 5.33 0.33 0.33 1.66 1.66 2.66      5 6 8 2.0 2.0 2.0 0.66 2.66 2.66      X

% Gimnastic - Cordoba, 2019-01-06, Liga Adelante, 370127
3 4 12 1.0 1.0 4.0 1.66 1.66 2.66 2.0 1.0 3.0      3 8 8 1.0 2.0 3.0 0.33 3.33 2.33      1

% Malaga - Reus, 2019-01-06, Liga Adelante, 370129
11 3 5 2.0 2.0 2.0 4.66 0.66 0.66 2.0 2.0 2.0      4 5 10 1.0 1.0 4.0 1.66 0.66 3.66      2

% Osasuna - Cadiz, 2019-01-06, Liga Adelante, 370131
9 5 5 5.0 0.0 1.0 5.33 0.33 0.33 2.66 0.66 2.66      9 5 5 5.0 0.0 1.0 3.0 1.0 2.0      1

% Salamanca CF Uds - Celta Vigo B, 2019-01-06, Segunda B:: group I, 370137
4 7 7 2.0 4.0 0.0 2.0 3.0 1.0 2.0 2.0 2.0      5 7 6 1.0 3.0 2.0 0.33 3.33 2.33      1

% Ponferradina - AD Union Adarve, 2019-01-06, Segunda B:: group I, 370142
9 6 3 2.0 2.0 2.0 2.33 3.33 0.33 3.33 1.33 1.33      4 8 6 0.0 4.0 2.0 0.66 2.66 2.66      1

% Gimnastica Torrelavega - Cd Calahorra, 2019-01-06, Segunda B:: group II, 370152
4 4 10 1.0 1.0 4.0 1.0 2.0 3.0 2.0 2.0 2.0      6 6 6 1.0 3.0 2.0 2.33 1.33 2.33      X

% SD Gernika Club - Barakaldo CF, 2019-01-06, Segunda B:: group II, 370156
3 7 8 2.0 1.0 3.0 1.33 3.33 1.33 2.0 2.0 2.0      10 4 4 2.0 2.0 2.0 3.33 0.33 2.33      2

% Barcelona B - CD Castellon, 2019-01-06, Segunda B:: group III, 370160
7 7 4 2.0 3.0 1.0 1.66 3.66 0.66 2.0 2.0 2.0      2 10 6 2.0 1.0 3.0 0.33 2.33 3.33      X

% Ontinyent CF - Club Lleida Esportiu, 2019-01-06, Segunda B:: group III, 370168
4 6 8 0.0 2.0 4.0 0.33 2.33 3.33 2.0 2.0 2.0      10 6 2 4.0 1.0 1.0 1.66 2.66 1.66      X

% CD El Ejido 2012 - Atletico Malagueno, 2019-01-06, Segunda B:: group IV, 370171
7 2 9 3.0 1.0 2.0 2.33 1.33 2.33 2.0 2.0 2.0      2 3 13 2.0 2.0 2.0 1.33 0.33 4.33      X

% FC Ashdod - Hapoel Raanana FC, 2019-01-06, Ligat HaAl, 371769
3 4 9 1.0 1.0 4.0 1.33 2.33 2.33 1.66 2.66 1.66      4 6 6 2.0 2.0 2.0 0.66 3.66 1.66      X

% Bnei Yehuda Tel Aviv FC - Hapoel Beer Sheva FC, 2019-01-06, Ligat HaAl, 371770
7 5 4 2.0 1.0 3.0 2.33 1.33 2.33 1.66 2.66 1.66      6 7 3 2.0 3.0 1.0 1.66 1.66 2.66      1

% Lusitania FC - SC Espinho, 2019-01-06, Camp. Nac:: grp B, 372204
7 6 2 2.66 2.66 0.66 3.33 1.33 1.33 2.0 2.0 2.0      6 6 3 2.0 2.0 2.0 2.33 1.33 2.33      X

% FC Pedras Rubras - Lusitano FCV, 2019-01-06, Camp. Nac:: grp B, 373925
3 6 6 1.0 1.0 4.0 0.33 2.33 3.33 2.0 2.0 2.0      8 3 4 3.66 1.66 0.66 2.33 2.33 1.33      X

% Coimbroes - Penalva Castelo, 2019-01-06, Camp. Nac:: grp B, 373926
4 5 5 3.0 2.0 1.0 4.33 1.33 0.33 2.0 2.0 2.0      6 1 8 0.33 0.33 5.33 1.0 1.0 4.0      1

% Uniao da Madeira - SPG Meda, 2019-01-06, Camp. Nac:: grp B, 373927
7 2 6 0.0 2.0 4.0 1.0 2.0 3.0 2.0 2.0 2.0      0 0 15 0.66 0.66 4.66 1.33 1.33 3.33      1

% Santa Iria - Benfica Castelo Branco, 2019-01-06, Camp. Nac:: grp C, 373944
4 4 7 1.0 2.0 3.0 2.0 2.0 2.0 2.0 2.0 2.0      9 4 2 3.0 2.0 1.0 1.33 2.33 2.33      2

% Leixoes - Sporting Covilha, 2019-01-06, Segunda Liga, 373985
4 3 7 2.0 0.0 4.0 2.0 1.0 3.0 2.0 2.0 2.0      3 4 8 1.0 2.0 3.0 1.66 0.66 3.66      1

% Vihiga United - MT Kenya United, 2019-01-06, Premier League, 377900
1 2 2 1.0 3.0 2.0 1.66 2.66 1.66 2.0 2.0 2.0      0 1 4 0.66 1.66 3.66 1.33 1.33 3.33      X

% KCB - Kariobangi Sharks, 2019-01-06, Premier League, 377901
0 1 4 0.33 1.33 4.33 1.33 2.33 2.33 2.0 2.0 2.0      2 3 0 2.0 4.0 0.0 1.0 4.0 1.0      X

% Bandari - SoNy Sugar, 2019-01-06, Premier League, 377902
2 3 0 2.0 3.0 1.0 2.66 2.66 0.66 2.0 2.0 2.0      3 1 1 5.0 0.0 1.0 2.33 1.33 2.33      1

% Chemelil Sugar - Western Stima, 2019-01-06, Premier League, 377903
1 1 3 2.0 2.0 2.0 4.33 1.33 0.33 2.0 2.0 2.0      3 2 0 2.33 3.33 0.33 1.66 2.66 1.66      2

% Mathare United - Gor Mahia, 2019-01-06, Premier League, 377904
4 1 0 3.0 3.0 0.0 3.33 2.33 0.33 1.66 2.66 1.66      2 0 2 2.0 1.0 3.0 1.0 1.0 4.0      X

% Ulinzi Stars - Zoo FC, 2019-01-06, Premier League, 377906
1 2 2 2.0 3.0 1.0 4.33 1.33 0.33 1.66 1.66 2.66      1 1 3 2.0 2.0 2.0 1.66 1.66 2.66      X

% Kakamega Homeboyz - Posta Rangers, 2019-01-06, Premier League, 377907
2 1 2 1.0 2.0 3.0 3.33 2.33 0.33 1.66 2.66 1.66      1 0 3 1.0 1.0 4.0 1.66 1.66 2.66      2

% AFC Leopards - Nzoia Sugar FC, 2019-01-06, Premier League, 377908
1 3 1 1.0 2.0 3.0 1.66 1.66 2.66 1.66 1.66 2.66      2 2 1 2.0 2.0 2.0 1.66 2.66 1.66      X

% FC Chambly Oise - Avranches, 2019-01-06, National, 378061
8 5 2 3.0 1.0 2.0 4.0 1.0 1.0 2.0 2.0 2.0      4 6 5 2.0 1.0 3.0 1.66 0.66 3.66      1

% Getafe - Barcelona, 2019-01-06, Liga BBVA, 378093
6 7 4 2.0 3.0 1.0 2.66 0.66 2.66 0.66 1.66 3.66      11 4 2 4.33 1.33 0.33 3.0 2.0 1.0      2

% Feirense - Santa Clara, 2019-01-06, Primeira Liga, 378095
2 5 8 0.0 2.0 4.0 1.0 2.0 3.0 2.33 2.33 1.33      6 2 7 2.0 0.0 4.0 3.66 0.66 1.66      X

% Benfica - Rio Ave, 2019-01-06, Primeira Liga, 378098
10 2 3 4.33 0.33 1.33 3.33 1.33 1.33 5.0 1.0 0.0      5 4 6 0.0 2.0 4.0 1.33 1.33 3.33      1

% Arouca - Farense, 2019-01-06, Segunda Liga, 378103
3 3 8 0.0 2.0 4.0 1.0 2.0 3.0 2.0 2.0 2.0      6 4 5 2.0 2.0 2.0 2.66 1.66 1.66      X

% Aris Limassol - PAEEK, 2019-01-06, 2nd League, 378339
7 3 3 3.0 2.0 1.0 4.0 1.0 1.0 2.0 2.0 2.0      3 3 7 1.0 2.0 3.0 1.33 1.33 3.33      1

% ES Djerba - Zarzis, 2019-01-06, L-II:: grp A, 378347
5 2 4 2.0 3.0 1.0 3.0 2.0 1.0 2.0 2.0 2.0      7 2 2 3.0 2.0 1.0 1.0 3.0 2.0      X
