%% T1_PositionPoints T1_W T1_D T1_L T1_WLast6 T1_DLast6 T1_LLast6 T1_WHomeLast6 T1_DHomeLast6 T1_LHomeLast6 T1_W1v1_last6 T1_D1v1_last6 T1_L1v1_last6
%% T2_PositionPoints T2_W T2_D T2_L T2_WLast6 T2_DLast6 T2_LLast6 T2_WAwayLast6 T2_DAwayLast6 T2_LAwayLast6 T2_W1v1_last6 T2_D1v1_last6 T2_L1v1_last6
%% Label (1 == Home, X == Draw, 2 == Away)

% Насионал Мадейра - Витория Гимараеш 02.01.19 Pt1
16 4 4 6 3 2 1 2 1 3 2 3 1     25 7 4 3 4 2 0 3 2 1 1 3 2     1

% Боависта - Витория Сетубал 02.01.19 Pt1
13 3 4 7 1 3 2 2 1 3 4 2 0     17 5 2 7 2 0 4 2 2 2 0 2 4     1

% Спортинг Брага - Маритимо 02.01.19 Pt1
30 9 3 2 4 0 2 5 1 0 3 1 2     11 3 2 9 0 1 5 1 1 4 2 1 3     1

% Кардиф Сити - Тотнъм 01.01.19 PR
18 5 3 12 2 1 3 4 0 2 0.33 1.33 4.33     45 15 0 5 4 1 1 4 1 1 4.33 1.33 0.33     2

% Борнeмут - Уотфорд 02.01.19 PR
26 8 2 10 1 0 5 3 0 3 1 4 1     28 8 4 8 2 2 2 2 2 2 1 4 1     X

% Челси - Саутхямптън 02.01.19 PR
43 13 4 3 4 1 1 4 1 1 6 0 0     15 3 6 11 2 0 4 1 1 4 0 0 6     X

% Хъдърсфийлд Таун - Бърнли 02.01.19 PR
10 2 4 14 0 0 6 1 1 4 0 3 3     15 4 3 13 2 0 4 0 1 5 3 3 0     2

% Уест Хям - Брайтън 02.01.19 PR
27 8 3 9 4 0 2 3 0 3 3 0 3     25 7 4 9 2 1 3 2 0 4 3 0 3     X

% Уулвърхямптън - Кристъл Палас 02.01.19 PR
29 8 5 7 4 1 1 2 0 4 2 1 3     19 5 4 11 2 1 3 1 1 4 3 1 2     2

% Нюкясъл - Манчестър Юнайтед 02.01.19 PR
18 4 6 10 1 3 2 2 1 3 1 2 3     35 10 5 5 4 0 2 2 1 3 3 2 1     2

% Манчестър Сити - Ливърпул 03.01.19 PR
47 15 2 3 3 1 2 5 0 1 1 2 3     54 17 3 0 6 0 0 4 0 2 3 2 1     1

% Портимонензе - Бенфика 02.01.19 Pt1
20 6 2 6 3 1 2 4 2 0 0.66 1.66 3.66     32 10 2 2 5 0 1 3 0 3 3.66 1.66 0.66     1

% Рио Аве - Морейрензе 02.01.19 Pt1
19 5 4 5 0 2 4 3 2 1 3 1 2     22 7 1 6 4 0 2 2 0 4 2 1 3     2

% Шавеш - Фейрензе 03.01.19 Pt1
7 2 1 11 0 0 6 1 1 4 2 2 2     10 2 4 8 0 1 5 0 0 6 2 2 2     X

% Спортинг Лисабон - Беленензеш 03.01.19 Pt1
31 10 1 3 5 0 1 5 0 1 5 0 1     22 5 7 2 3 3 0 1 5 0 1 0 5     1

% Авеш - Порто 03.01.19 Pt1
11 3 2 9 2 1 3 2 1 3 0 1 5     36 12 0 2 6 0 0 5 0 1 5 1 0     2

% Виляреал - Реал Мадрид 03.01.19 Es1
15 3 6 7 2 2 2 4 1 1 2 2 2     29 9 2 5 5 0 1 5 0 1 2 2 2     X

% Леванте - Джирона 04.01.19 Es1
22 6 4 7 2 2 2 4 0 2 2 2 2     22 5 7 5 2 2 2 2 2 2 2 2 2     X

% Еспаньол - Леганес 04.01.19 Es1
21 6 3 8 1 0 5 3 0 3 2.66 0.66 2.66     19 4 7 6 3 3 0 2 3 1 2.66 0.66 2.66     1

% Валядолид - Райо Валекано 05.01.19 Es1
21 5 6 6 2 1 3 2 2 2 1 3 2     13 3 4 10 2 0 4 0 1 5 2 3 1     2

% Чарлтън - Съндърланд 05.01.19 L1
46 14 4 8 4 0 2 5 0 1 3 2 1     50 14 8 2 3 1 2 3 2 1 1 2 3     X

% Рочдейл - Бъртън Албион 05.01.19 L1
30 8 6 12 2 1 3 3 0 3 2 1 3     32 9 5 11 2 2 2 1 1 4 3 1 2     2

% Скънторп Юнайтед - Ковънтри 05.01.19 L1
27 7 6 13 2 0 4 2 1 3 5 1 0     38 11 5 10 3 0 3 1 0 5 0 1 5     1

% Гранада - Албасете  04.01.19 Es2
38 11 5 3 3 2 1 4 1 1 2.33 1.33 2.33     37 10 7 2 5 1 0 3 1 2 2.33 1.33 2.33     X

% Тенерифе - Елче 04.01.19 Es2
19 3 10 6 1 3 2 2 4 0 2 2 2     21 4 9 6 1 3 2 1 2 3 2 2 2     1

% Академика Коимбра - Кова Де Пиедаде 04.01.19 Pt2
18 5 3 6 4 0 2 2 1 3 0.66 1.66 3.66     17 4 5 5 2 2 2 1 3 2 3.66 1.66 0.66     1

% Кембридж Юн - Стивънидж Боро 05.01.19 L2
23 6 5 15 1 1 4 3 2 1 4 1 1     38 11 5 10 2 1 3 1 1 4 1 1 4     1

% Карлайл Юн. - Мансфийлд Таун 05.01.19 L2
42 13 3 10 5 0 1 4 0 2 1 1 4    45 11 12 1 4 2 0 3 2 1 4 1 1     1

% Колчестър Юн. - Нотс Каунти 05.01.19 L2
42 12 6 8 2 1 3 3 2 1 1 1 4     20 4 8 14 1 1 4 0 2 4 4 1 1     X

% Кроули Таун - Челтнъм 05.01.19 L2
30 9 3 13 1 1 4 2 1 3 1 1 4     29 7 8 10 3 3 0 2 2 2 4 1 1     1

% Макълсфийлд Таун - Суиндън Таун 05.01.19 L2
21 5 6 15 2 2 2 2 2 2 3 0 3     33 8 9 9 1 3 2 2 2 2 3 0 3     2

% Benfica - Rio Ave, 2019-01-06, Primeira Liga, 369926
% >369926 32 10 2 3 4.33 0.33 1.33 3.33 1.33 1.33 5.0 1.0 0.0      19 5 4 6 0.0 2.0 4.0 1.33 1.33 3.33 0.0 1.0 5.0      ?

% Feirense - Santa Clara, 2019-01-06, Primeira Liga, 369927
% >369927 11 2 5 8 0.0 2.0 4.0 1.0 2.0 3.0 2.33 2.33 1.33      20 6 2 7 2.0 0.0 4.0 3.66 0.66 1.6600000000000001 1.33 2.33 2.33      ?

% Belenenses - Vitoria de Guimaraes, 2019-01-06, Primeira Liga, 369929
22 5 7 3 3.0 2.0 1.0 3.66 0.66 1.6600000000000001 1.0 4.0 1.0      25 7 4 4 4.0 1.0 1.0 1.6600000000000001 2.66 1.6600000000000001 1.0 4.0 1.0      1

% SC Braga - Boavista, 2019-01-06, Primeira Liga, 369933
33 10 3 2 3.66 0.66 1.6600000000000001 3.33 1.33 1.33 2.0 2.0 2.0      16 4 4 7 2.0 2.0 2.0 1.0 2.0 3.0 2.0 2.0 2.0      1

% Vitoria de Setubal - Chaves, 2019-01-06, Primeira Liga, 369934
17 5 2 8 2.0 0.0 4.0 2.0 1.0 3.0 1.33 3.33 1.33      8 2 2 11 0.0 1.0 5.0 1.0 1.0 4.0 1.33 3.33 1.33      X

% Mafra - Pacos de Ferreira, 2019-01-06, Segunda Liga, 369942
24 7 3 5 2.0 0.0 4.0 2.66 1.6600000000000001 1.6600000000000001 2.0 2.0 2.0      33 11 0 3 5.0 0.0 1.0 4.0 1.0 1.0 2.0 2.0 2.0      X

% Arouca - Farense, 2019-01-06, Segunda Liga, 369943
% >369943 12 3 3 8 0.0 2.0 4.0 1.0 2.0 3.0 2.0 2.0 2.0      22 6 4 5 2.0 2.0 2.0 2.66 1.6600000000000001 1.6600000000000001 2.0 2.0 2.0      ?

% Famalicao - Varzim, 2019-01-06, Segunda Liga, 369944
% >369944 33 10 3 2 4.0 2.0 0.0 1.6600000000000001 3.66 0.66 1.0 1.0 4.0      18 5 3 6 2.0 2.0 2.0 2.33 2.33 1.33 4.0 1.0 1.0      ?

% Sevilla - Atletico Madrid, 2019-01-06, Liga BBVA, 370105
32 9 5 3 2.33 3.33 0.33 3.33 1.33 1.33 3.0 0.0 3.0      34 9 7 1 3.0 3.0 0.0 2.0 3.0 1.0 3.0 0.0 3.0      X

% Getafe - Barcelona, 2019-01-06, Liga BBVA, 370106
% >370106 25 6 7 4 2.0 3.0 1.0 2.66 0.66 2.66 0.66 1.6600000000000001 3.66      37 11 4 2 4.33 1.33 0.33 3.0 2.0 1.0 3.66 1.6600000000000001 0.66      ?

% Real Madrid - Real Sociedad, 2019-01-06, Liga BBVA, 370107
30 9 3 5 3.33 1.33 1.33 2.66 1.66 1.66 5.33 0.33 0.33      19 5 4 8 2.0 0.0 4.0 2.0 1.0 3.0 0.33 0.33 5.33      2

% Eibar - Villarreal, 2019-01-06, Liga BBVA, 370109
% >370109 21 5 6 6 2.0 4.0 0.0 2.0 4.0 0.0 3.0 1.0 2.0      16 3 7 7 1.0 4.0 1.0 0.66 3.66 1.6600000000000001 2.0 1.0 3.0      ?

% Deportivo La Coruna - Lugo, 2019-01-06, Liga Adelante, 370125
35 9 8 2 3.0 2.0 1.0 5.33 0.33 0.33 1.66 1.66 2.66      21 5 6 8 2.0 2.0 2.0 0.66 2.66 2.66 2.66 1.66 1.66      X

% Gimnastic - Cordoba, 2019-01-06, Liga Adelante, 370127
13 3 4 12 1.0 1.0 4.0 1.6600000000000001 1.6600000000000001 2.66 2.0 1.0 3.0      17 3 8 8 1.0 2.0 3.0 0.33 3.33 2.33 3.0 1.0 2.0      1

% Malaga - Reus, 2019-01-06, Liga Adelante, 370129
36 11 3 5 2.0 2.0 2.0 4.66 0.66 0.66 2.0 2.0 2.0      17 4 5 10 1.0 1.0 4.0 1.6600000000000001 0.66 3.66 2.0 2.0 2.0      2

% Osasuna - Cadiz, 2019-01-06, Liga Adelante, 370131
32 9 5 5 5.0 0.0 1.0 5.33 0.33 0.33 2.66 0.66 2.66      32 9 5 5 5.0 0.0 1.0 3.0 1.0 2.0 2.66 0.66 2.66      1

% Leixoes - Sporting Covilha, 2019-01-06, Segunda Liga, 373985
15 4 3 7 2.0 0.0 4.0 2.0 1.0 3.0 2.0 2.0 2.0      13 3 4 8 1.0 2.0 3.0 1.6600000000000001 0.66 3.66 2.0 2.0 2.0      1

% Oliveirense - Penafiel, 2019-01-06, Segunda Liga, 373986
12 2 6 7 0.0 2.0 4.0 1.33 2.33 2.33 2.33 2.33 1.33      23 7 2 5 4.0 0.0 2.0 2.66 0.66 2.66 1.33 2.33 2.33      1

% Getafe - Barcelona, 2019-01-06, Liga BBVA, 378093
25 6 7 4 2.0 3.0 1.0 2.66 0.66 2.66 0.66 1.6600000000000001 3.66      37 11 4 2 4.33 1.33 0.33 3.0 2.0 1.0 3.66 1.6600000000000001 0.66      2

% Feirense - Santa Clara, 2019-01-06, Primeira Liga, 378095
11 2 5 8 0.0 2.0 4.0 1.0 2.0 3.0 2.33 2.33 1.33      20 6 2 7 2.0 0.0 4.0 3.66 0.66 1.6600000000000001 1.33 2.33 2.33      X

% Benfica - Rio Ave, 2019-01-06, Primeira Liga, 378098
32 10 2 3 4.33 0.33 1.33 3.33 1.33 1.33 5.0 1.0 0.0      19 5 4 6 0.0 2.0 4.0 1.33 1.33 3.33 0.0 1.0 5.0      1

% Arouca - Farense, 2019-01-06, Segunda Liga, 378103
12 3 3 8 0.0 2.0 4.0 1.0 2.0 3.0 2.0 2.0 2.0      22 6 4 5 2.0 2.0 2.0 2.66 1.6600000000000001 1.6600000000000001 2.0 2.0 2.0      X

% West Ham United - Arsenal, 2019-01-12, Premier League, 371443
28 8 4 9 3.0 1.0 2.0 2.66 1.6600000000000001 1.6600000000000001 0.0 1.0 5.0     41 12 5 4 3.0 1.0 2.0 0.66 2.66 2.66 0.5 0.1 0.0     1

% Brighton &amp; Hove Albion - Liverpool, 2019-01-12, Premier League, 371444
26 7 5 9 1.0 2.0 3.0 2.66 1.6600000000000001 1.6600000000000001 1.0 1.0 4.0     54 17 3 1 5.0 0.0 1.0 3.66 0.66 1.6600000000000001 0.4 0.1 0.1     2

% Burnley - Fulham, 2019-01-12, Premier League, 371445
% >371445 18 5 3 13 3.0 0.0 3.0 2.33 0.33 3.33 3.0 1.0 2.0     14 3 5 13 1.0 2.0 3.0 0.66 1.6600000000000001 3.66 0.2 0.1 0.3     ?

% Cardiff City - Huddersfield Town, 2019-01-12, Premier League, 371446
18 5 3 13 2.0 1.0 3.0 2.66 0.66 2.66 4.33 1.33 0.33     10 2 4 15 0.0 0.0 6.0 1.33 0.33 4.33 33.0 33.1 33.4     X

% Crystal Palace - Watford, 2019-01-12, Premier League, 371447
22 6 4 11 3.0 1.0 2.0 2.66 1.6600000000000001 1.6600000000000001 3.0 2.0 1.0     29 8 5 8 2.0 3.0 1.0 1.6600000000000001 2.66 1.6600000000000001 0.1 0.2 0.3     2

% Leicester City - Southampton, 2019-01-12, Premier League, 371448
31 9 4 8 3.0 0.0 3.0 2.0 1.0 3.0 3.0 2.0 1.0     16 3 7 11 2.0 1.0 3.0 1.33 1.33 3.33 0.1 0.2 0.3     2

% Chelsea - Newcastle United, 2019-01-12, Premier League, 371449
44 13 5 3 2.66 1.6600000000000001 1.6600000000000001 1.33 2.33 2.33 3.33 1.33 1.33     18 4 6 11 1.0 2.0 3.0 1.6600000000000001 2.66 1.6600000000000001 33.1 33.1 33.3     1

% Birmingham City - Middlesbrough, 2019-01-12, Championship, 371453
39 9 12 5 2.0 3.0 1.0 2.66 1.6600000000000001 1.6600000000000001 0.33 2.33 3.33     43 11 10 5 2.0 2.0 2.0 1.6600000000000001 2.66 1.6600000000000001 33.3 33.2 33.0     2

% Brentford - Stoke City, 2019-01-12, Championship, 371454
28 6 10 10 1.0 3.0 2.0 1.33 1.33 3.33 2.33 2.33 1.33     35 8 11 7 2.0 2.0 2.0 0.66 3.66 1.6600000000000001 33.1 33.2 33.2     1

% Bristol City - Bolton Wanderers, 2019-01-12, Championship, 371455
38 10 8 8 3.0 3.0 0.0 1.6600000000000001 3.66 0.66 2.33 2.33 1.33     22 5 7 14 1.0 1.0 4.0 0.33 1.33 4.33 33.1 33.2 33.2     1

% Hull City - Sheffield Wednesday, 2019-01-12, Championship, 371456
36 10 6 10 5.0 1.0 0.0 3.33 1.33 1.33 1.0 4.0 1.0     32 8 8 10 2.0 3.0 1.0 1.6600000000000001 1.6600000000000001 2.66 0.1 0.4 0.1     1

% Ipswich Town - Rotherham United, 2019-01-12, Championship, 371457
15 2 9 15 1.0 1.0 4.0 1.33 1.33 3.33 1.33 1.33 3.33     25 5 10 11 1.0 2.0 3.0 0.66 1.6600000000000001 3.66 33.3 33.1 33.1     1

% Preston North End - Swansea City, 2019-01-12, Championship, 371458
29 7 8 11 2.0 1.0 3.0 2.33 2.33 1.33 1.66 1.66 2.66     36 10 6 10 3.0 1.0 2.0 2.66 0.66 2.66 66.2 66.1 66.1     X

% Reading - Nottingham Forest, 2019-01-12, Championship, 371459
20 4 8 14 0.0 2.0 4.0 0.66 1.6600000000000001 3.66 3.0 1.0 2.0     39 9 12 5 2.0 1.0 3.0 1.6600000000000001 2.66 1.6600000000000001 0.2 0.1 0.3     1

% Sheffield United - Queens Park Rangers, 2019-01-12, Championship, 371460
47 14 5 7 4.0 1.0 1.0 2.66 1.6600000000000001 1.6600000000000001 3.0 1.0 2.0     39 11 6 9 3.0 2.0 1.0 1.33 3.33 1.33 0.2 0.1 0.3     1

% West Bromwich Albion - Norwich City, 2019-01-12, Championship, 371461
46 13 7 6 2.0 3.0 1.0 1.6600000000000001 3.66 0.66 2.66 0.66 2.66     49 14 7 5 2.0 3.0 1.0 2.0 3.0 1.0 66.2 66.0 66.2     X

% Wigan Athletic - Aston Villa, 2019-01-12, Championship, 371462
26 7 5 14 0.0 1.0 5.0 1.33 1.33 3.33 0.66 0.66 4.66     38 9 11 6 2.0 4.0 0.0 2.66 2.66 0.66 66.4 66.0 66.0     1

% Millwall - Blackburn Rovers, 2019-01-12, Championship, 371463
28 7 7 12 3.0 1.0 2.0 2.33 2.33 1.33 1.66 2.66 1.66     34 8 10 8 1.0 2.0 3.0 1.0 2.0 3.0 66.1 66.2 66.1     2

% Accrington Stanley - Bristol Rovers, 2019-01-12, League 1, 371464
34 9 7 9 2.0 0.0 4.0 2.0 1.0 3.0 4.0 1.0 1.0     27 7 6 13 3.0 1.0 2.0 2.66 0.66 2.66 0.1 0.1 0.4     X

% Barnsley - Bradford City, 2019-01-12, League 1, 371465
46 13 7 5 3.0 2.0 1.0 2.66 2.66 0.66 3.66 1.6600000000000001 0.66     27 8 3 15 4.0 1.0 1.0 1.33 2.33 2.33 66.0 1000000000000066.1 66.3     1

% Burton Albion - Gillingham, 2019-01-12, League 1, 371466
35 10 5 11 2.0 2.0 2.0 2.66 1.6600000000000001 1.6600000000000001 3.0 1.0 2.0     28 8 4 14 2.0 1.0 3.0 2.66 0.66 2.66 0.2 0.1 0.3     2

% Coventry City - AFC Wimbledon, 2019-01-12, League 1, 371467
38 11 5 11 3.0 0.0 3.0 2.66 1.6600000000000001 1.6600000000000001 1.33 3.33 1.33     22 6 4 16 2.0 2.0 2.0 1.6600000000000001 0.66 3.66 33.1 33.3 33.1     X

% Fleetwood Town - Oxford United, 2019-01-12, League 1, 371468
34 9 7 10 2.0 1.0 3.0 3.66 0.66 1.6600000000000001 4.66 0.66 0.66     26 6 8 12 1.0 2.0 3.0 1.0 3.0 2.0 66.0 66.0 66.4     X

% Peterborough United - Rochdale, 2019-01-12, League 1, 371469
44 12 8 6 1.0 3.0 2.0 1.0 3.0 2.0 3.0 0.0 3.0     30 8 6 13 2.0 1.0 3.0 1.6600000000000001 1.6600000000000001 2.66 0.3 0.0 0.3     1

% Portsmouth - Blackpool, 2019-01-12, League 1, 371470
57 17 6 3 3.0 1.0 2.0 3.66 0.66 1.6600000000000001 3.66 0.66 1.6600000000000001     35 9 8 8 1.0 1.0 4.0 0.66 1.6600000000000001 3.66 1000000000000066.1 66.0 66.3     2

% Shrewsbury Town - Charlton Athletic, 2019-01-12, League 1, 371471
30 7 9 10 1.0 3.0 2.0 2.66 2.66 0.66 4.0 0.0 2.0     47 14 5 8 4.0 0.0 2.0 2.33 0.33 3.33 0.2 0.0 0.4     2

% Southend United - Plymouth Argyle, 2019-01-12, League 1, 371472
35 11 2 13 3.0 0.0 3.0 3.66 0.66 1.6600000000000001 1.0 3.0 2.0     24 6 6 14 2.0 2.0 2.0 1.33 1.33 3.33 0.2 0.3 0.1     2

% Sunderland - Luton Town, 2019-01-12, League 1, 371473
51 14 9 2 4.0 1.0 1.0 3.66 1.6600000000000001 0.66 1.66 2.66 1.66     52 15 7 4 4.0 2.0 0.0 3.66 1.6600000000000001 0.66 66.1 66.2 66.1     X

% Walsall - Scunthorpe United, 2019-01-12, League 1, 371474
32 8 8 10 1.0 2.0 3.0 2.0 2.0 2.0 2.0 3.0 1.0     30 8 6 13 2.0 0.0 4.0 2.33 0.33 3.33 0.1 0.3 0.2     2

% Wycombe Wanderers - Doncaster Rovers, 2019-01-12, League 1, 371475
32 8 8 10 1.0 1.0 4.0 2.66 0.66 2.66 2.0 2.0 2.0     45 13 6 7 4.0 1.0 1.0 2.66 1.6600000000000001 1.6600000000000001 0.2 0.2 0.2     1

% Bury - Milton Keynes Dons, 2019-01-12, League 2, 371476
46 13 7 7 3.0 1.0 2.0 4.66 0.66 0.66 0.66 1.6600000000000001 3.66     47 13 8 4 3.0 1.0 2.0 1.6600000000000001 1.6600000000000001 2.66 66.3 1000000000000066.1 66.0     1

% Cheltenham Town - Tranmere Rovers, 2019-01-12, League 2, 371477
29 7 8 11 3.0 3.0 0.0 3.66 1.6600000000000001 0.66 2.0 1.0 3.0     39 10 9 7 2.0 2.0 2.0 0.66 1.6600000000000001 3.66 0.3 0.1 0.2     2

% Crewe Alexandra - Newport County, 2019-01-12, League 2, 371478
32 9 5 13 2.0 0.0 4.0 4.33 0.33 1.33 1.6600000000000001 1.6600000000000001 2.66     36 10 6 9 1.0 1.0 4.0 0.66 0.66 4.66 66.2 1000000000000066.1 1000000000000066.1     1

% Exeter City - Morecambe, 2019-01-12, League 2, 371479
43 12 7 7 4.0 0.0 2.0 2.33 1.33 2.33 4.0 1.0 1.0     27 7 6 14 1.0 2.0 3.0 1.33 1.33 3.33 0.1 0.1 0.4     X

% Grimsby Town - Macclesfield Town, 2019-01-12, League 2, 371480
34 10 4 12 4.0 0.0 2.0 3.66 0.66 1.6600000000000001 2.0 1.0 3.0     21 5 6 16 2.0 2.0 2.0 2.33 0.33 3.33 0.3 0.1 0.2     2

% Mansfield Town - Yeovil Town, 2019-01-12, League 2, 371481
45 11 12 2 4.0 2.0 0.0 3.66 1.6600000000000001 0.66 2.0 3.0 1.0     24 5 9 11 0.0 3.0 3.0 0.33 2.33 3.33 0.1 0.3 0.2     2

% Northampton Town - Carlisle United, 2019-01-12, League 2, 371482
30 6 12 8 1.0 4.0 1.0 0.66 4.66 0.66 3.0 2.0 1.0     45 14 3 10 5.0 0.0 1.0 3.33 1.33 1.33 0.1 0.2 0.3     1

% Notts County - Cambridge United, 2019-01-12, League 2, 371483
21 4 9 14 1.0 1.0 4.0 1.33 2.33 2.33 0.0 1.0 5.0     26 7 5 15 1.0 1.0 4.0 0.33 0.33 5.33 0.5 0.1 0.0     2

% Oldham Athletic - Forest Green Rovers, 2019-01-12, League 2, 371484
38 10 8 8 4.0 0.0 2.0 2.66 1.6600000000000001 1.6600000000000001 1.66 2.66 1.66     43 11 10 4 4.0 1.0 1.0 3.66 1.6600000000000001 0.66 66.1 66.2 66.1     X

% Port Vale - Colchester United, 2019-01-12, League 2, 371485
29 7 8 11 0.0 4.0 2.0 0.66 1.6600000000000001 3.66 1.33 2.33 2.33     43 12 7 8 2.0 1.0 3.0 2.33 0.33 3.33 33.2 33.2 33.1     2

% Stevenage - Crawley Town, 2019-01-12, League 2, 371486
38 11 5 11 2.0 1.0 3.0 2.66 0.66 2.66 2.0 1.0 3.0     33 10 3 13 1.0 1.0 4.0 0.66 1.6600000000000001 3.66 0.3 0.1 0.2     1

% Swindon Town - Lincoln City, 2019-01-12, League 2, 371487
36 9 9 9 1.0 3.0 2.0 2.33 1.33 2.33 1.0 2.0 3.0     51 15 6 4 4.0 1.0 1.0 2.66 1.6600000000000001 1.6600000000000001 0.3 0.2 0.1     X

% Guingamp - Saint-Etienne, 2019-01-12, Ligue 1, 371577
11 2 5 11 1.0 1.0 4.0 1.0 3.0 2.0 2.0 0.0 4.0     30 8 6 4 3.0 1.0 2.0 0.33 2.33 3.33 0.4 0.0 0.2     2

% Nice - Bordeaux, 2019-01-12, Ligue 1, 371580
% >371580 26 7 5 6 3.0 2.0 1.0 2.66 1.6600000000000001 1.6600000000000001 3.0 2.0 1.0     22 5 7 5 1.6600000000000001 3.66 0.66 1.33 3.33 1.33 0.1 0.2 0.3     ?

% Nimes - Angers, 2019-01-12, Ligue 1, 371582
% >371582 23 6 5 7 4.0 0.0 2.0 2.0 2.0 2.0 2.66 1.66 1.66     20 4 8 6 0.0 4.0 2.0 0.66 3.66 1.6600000000000001 66.1 66.1 66.2     ?

% Amiens - Paris Saint-Germain, 2019-01-12, Ligue 1, 371583
18 5 3 11 2.0 2.0 2.0 1.0 2.0 3.0 2.0 2.0 2.0     47 15 2 0 4.33 1.33 0.33 1.66 2.66 1.66 0.2 0.2 0.2     2

% Boavista - Maritimo, 2019-01-12, Primeira Liga, 372156
% >372156 16 4 4 8 2.0 2.0 2.0 2.66 1.6600000000000001 1.6600000000000001 3.0 1.0 2.0     14 4 2 10 1.0 1.0 4.0 1.0 2.0 3.0 0.2 0.1 0.3     ?

% Sporting CP - FC Porto, 2019-01-12, Primeira Liga, 372163
34 11 1 4 4.0 0.0 2.0 4.0 1.0 1.0 2.0 1.0 3.0     42 14 0 2 6.0 0.0 0.0 4.0 1.0 1.0 0.3 0.1 0.2     X

% Leganes - SD Huesca, 2019-01-12, Liga BBVA, 378438
19 4 7 7 1.0 3.0 2.0 2.0 3.0 1.0 2.0 2.0 2.0     11 2 5 11 1.0 2.0 3.0 1.0 1.0 4.0 0.2 0.2 0.2     1

% Valencia - Real Valladolid, 2019-01-12, Liga BBVA, 378439
22 4 10 4 2.0 2.0 2.0 2.66 1.66 1.66 2.0 2.0 2.0     21 5 6 7 1.0 2.0 3.0 1.6600000000000001 1.6600000000000001 2.66 0.2 0.2 0.2     X

% Girona - Deportivo Alaves, 2019-01-12, Liga BBVA, 378440
% >378440 23 5 8 5 2.0 3.0 1.0 2.0 3.0 1.0 2.33 2.33 1.33     31 9 4 5 3.0 2.0 1.0 2.0 1.0 3.0 33.1 33.2 33.2     ?

% Villarreal - Getafe, 2019-01-12, Liga BBVA, 378441
% >378441 17 3 8 7 1.0 4.0 1.0 2.33 2.33 1.33 2.66 0.66 2.66     25 6 7 5 1.0 3.0 2.0 1.6600000000000001 3.66 0.66 66.2 66.0 66.2     ?

% Albacete - Sporting Gijon, 2019-01-12, Liga Adelante, 378442
38 10 8 2 5.0 1.0 0.0 4.33 1.33 0.33 1.33 2.33 2.33     26 6 8 6 2.0 2.0 2.0 1.33 2.33 2.33 33.2 33.2 33.1     X

% Las Palmas - Osasuna, 2019-01-12, Liga Adelante, 378443
25 5 10 5 0.0 3.0 3.0 1.0 4.0 1.0 2.33 2.33 1.33     35 10 5 5 5.0 0.0 1.0 2.33 1.33 2.33 33.1 33.2 33.2     1

% Reus - Numancia, 2019-01-12, Liga Adelante, 378444
20 5 5 10 1.0 1.0 4.0 1.33 2.33 2.33 2.0 1.0 3.0     22 5 7 8 1.0 1.0 4.0 0.33 2.33 3.33 0.3 0.1 0.2     X

% Mallorca - Deportivo La Coruna, 2019-01-12, Liga Adelante, 378445
30 8 6 6 3.0 2.0 1.0 3.33 2.33 0.33 2.0 2.0 2.0     36 9 9 2 3.0 2.0 1.0 0.33 4.33 1.33 0.2 0.2 0.2     1

% Real Oviedo - Tenerife, 2019-01-12, Liga Adelante, 378446
27 7 6 7 3.0 2.0 1.0 3.33 2.33 0.33 3.0 1.0 2.0     22 4 10 6 2.0 3.0 1.0 0.66 2.66 2.66 0.2 0.1 0.3     1

% Grenoble - Le Havre, 2019-01-12, Ligue 2, 378448
% >378448 31 9 4 6 3.0 1.0 2.0 2.66 0.66 2.66 1.66 2.66 1.66     27 7 6 5 2.33 2.33 1.33 1.33 2.33 2.33 66.1 66.2 66.1     ?

% Brest - Troyes, 2019-01-12, Ligue 2, 378449
% >378449 38 11 5 3 2.0 3.0 1.0 3.66 1.6600000000000001 0.66 3.0 1.0 2.0     29 9 2 8 4.0 1.0 1.0 3.0 2.0 1.0 0.2 0.1 0.3     ?

% Leixoes - Penafiel, 2019-01-12, Segunda Liga, 378528
% >378528 18 5 3 8 1.0 0.0 5.0 2.66 0.66 2.66 3.0 3.0 0.0     26 8 2 6 4.0 0.0 2.0 2.33 0.33 3.33 0.0 0.3 0.3     ?

% Burnley - Fulham, 2019-01-12, Premier League, 378816
18 5 3 13 3.0 0.0 3.0 2.33 0.33 3.33 3.0 1.0 2.0     14 3 5 13 1.0 2.0 3.0 0.66 1.6600000000000001 3.66 0.2 0.1 0.3     1

% Girona - Deportivo Alaves, 2019-01-12, Liga BBVA, 378820
23 5 8 5 2.0 3.0 1.0 2.0 3.0 1.0 2.33 2.33 1.33     31 9 4 5 3.0 2.0 1.0 2.0 1.0 3.0 33.1 33.2 33.2     X

% Villarreal - Getafe, 2019-01-12, Liga BBVA, 378821
17 3 8 7 1.0 4.0 1.0 2.33 2.33 1.33 2.66 0.66 2.66     25 6 7 5 1.0 3.0 2.0 1.6600000000000001 3.66 0.66 66.2 66.0 66.2     2

% Nice - Bordeaux, 2019-01-12, Ligue 1, 378829
26 7 5 6 3.0 2.0 1.0 2.66 1.6600000000000001 1.6600000000000001 3.0 2.0 1.0     22 5 7 5 1.6600000000000001 3.66 0.66 1.33 3.33 1.33 0.1 0.2 0.3     1

% Nimes - Angers, 2019-01-12, Ligue 1, 378830
% >378830 23 6 5 7 4.0 0.0 2.0 2.0 2.0 2.0 2.66 1.66 1.66     20 4 8 6 0.0 4.0 2.0 0.66 3.66 1.6600000000000001 66.1 66.1 66.2     ?

% Grenoble - Le Havre, 2019-01-12, Ligue 2, 378831
31 9 4 6 3.0 1.0 2.0 2.66 0.66 2.66 1.66 2.66 1.66     27 7 6 5 2.33 2.33 1.33 1.33 2.33 2.33 66.1 66.2 66.1     X

% Brest - Troyes, 2019-01-12, Ligue 2, 378832
38 11 5 3 2.0 3.0 1.0 3.66 1.6600000000000001 0.66 3.0 1.0 2.0     29 9 2 8 4.0 1.0 1.0 3.0 2.0 1.0 0.2 0.1 0.3     X

% Boavista - Maritimo, 2019-01-12, Primeira Liga, 378835
16 4 4 8 2.0 2.0 2.0 2.66 1.6600000000000001 1.6600000000000001 3.0 1.0 2.0     14 4 2 10 1.0 1.0 4.0 1.0 2.0 3.0 0.2 0.1 0.3     2

% Leixoes - Penafiel, 2019-01-12, Segunda Liga, 378836
18 5 3 8 1.0 0.0 5.0 2.66 0.66 2.66 3.0 3.0 0.0     26 8 2 6 4.0 0.0 2.0 2.33 0.33 3.33 0.0 0.3 0.3     1

% Everton - AFC Bournemouth, 2019-01-13, Premier League, 371450
27 7 6 8 1.0 1.0 4.0 1.33 2.33 2.33 4.0 1.0 1.0     27 8 3 10 1.0 1.0 4.0 0.66 0.66 4.66 0.1 0.1 0.4     1

% Tottenham Hotspur - Manchester United, 2019-01-13, Premier League, 371451
48 16 0 5 5.0 0.0 1.0 3.0 1.0 2.0 3.0 0.0 3.0     38 11 5 5 5.0 0.0 1.0 2.66 1.6600000000000001 1.6600000000000001 0.3 0.0 0.3     2

% Marseille - Monaco, 2019-01-13, Ligue 1, 371569
% >371569 27 8 3 6 1.33 1.33 3.33 1.66 1.66 2.66 0.0 2.0 4.0     13 3 4 11 1.33 1.33 3.33 2.33 1.33 2.33 0.4 0.2 0.0     ?

% Academica - Varzim, 2019-01-13, Segunda Liga, 372176
% >372176 24 7 3 6 3.0 1.0 2.0 2.33 0.33 3.33 3.66 0.66 1.6600000000000001     22 6 4 6 3.0 1.0 2.0 2.66 1.6600000000000001 1.6600000000000001 1000000000000066.1 66.0 66.3     ?

% Benfica B - Braga B, 2019-01-13, Segunda Liga, 372178
% >372178 28 8 4 3 3.0 2.0 1.0 5.33 0.33 0.33 2.0 2.0 2.0     13 4 1 11 1.0 0.0 5.0 0.66 0.66 4.66 0.2 0.2 0.2     ?

% Mafra - Sporting Covilha, 2019-01-13, Segunda Liga, 372180
25 7 4 5 2.0 0.0 4.0 2.66 1.6600000000000001 1.6600000000000001 2.0 1.0 3.0     13 3 4 9 1.0 2.0 3.0 0.66 0.66 4.66 0.3 0.1 0.2     2

% Arouca - Oliveirense, 2019-01-13, Segunda Liga, 372181
% >372181 14 3 5 8 0.0 4.0 2.0 0.66 2.66 2.66 2.33 1.33 2.33     15 3 6 7 1.0 1.0 4.0 1.6600000000000001 0.66 3.66 33.2 33.1 33.2     ?

% FC Porto B - Vitoria de Guimaraes B, 2019-01-13, Segunda Liga, 372183
21 6 3 7 5.0 1.0 0.0 3.33 1.33 1.33 4.0 0.0 2.0     20 5 5 6 2.0 2.0 2.0 0.66 2.66 2.66 0.2 0.0 0.4     1

% Athletic Bilbao - Sevilla, 2019-01-13, Liga BBVA, 372410
19 3 10 5 1.0 3.0 2.0 1.0 4.0 1.0 2.0 0.0 4.0     33 9 6 3 1.6600000000000001 3.66 0.66 1.0 4.0 1.0 0.4 0.0 0.2     1

% Atletico Madrid - Levante, 2019-01-13, Liga BBVA, 372411
35 9 8 1 3.33 2.33 0.33 3.0 2.0 1.0 3.66 0.66 1.6600000000000001     23 6 5 7 0.0 3.0 3.0 1.6600000000000001 2.66 1.6600000000000001 1000000000000066.1 66.0 66.3     1

% Barcelona - Eibar, 2019-01-13, Liga BBVA, 372415
% >372415 40 12 4 2 4.33 1.33 0.33 3.33 1.33 1.33 6.0 0.0 0.0     22 5 7 6 2.0 4.0 0.0 1.33 2.33 2.33 0.0 0.0 0.6     ?

% Real Betis - Real Madrid, 2019-01-13, Liga BBVA, 372418
26 7 5 6 3.0 2.0 1.0 2.66 2.66 0.66 1.0 1.0 4.0     30 9 3 6 3.33 1.33 1.33 2.66 1.6600000000000001 1.6600000000000001 0.4 0.1 0.1     2

% Alcorcon - Almeria, 2019-01-13, Liga Adelante, 372426
34 10 4 6 1.0 1.0 4.0 3.33 1.33 1.33 1.0 4.0 1.0     28 7 7 6 1.0 4.0 1.0 0.33 3.33 2.33 0.1 0.4 0.1     X

% Cordoba - Rayo Majadahonda, 2019-01-13, Liga Adelante, 372428
17 3 8 9 1.0 2.0 3.0 2.66 1.6600000000000001 1.6600000000000001 2.0 2.0 2.0     21 6 3 11 0.0 2.0 4.0 1.33 0.33 4.33 0.2 0.2 0.2     X

% Elche - Gimnastic, 2019-01-13, Liga Adelante, 372429
21 4 9 7 1.0 2.0 3.0 2.0 3.0 1.0 2.66 1.6600000000000001 1.6600000000000001     16 4 4 12 1.0 1.0 4.0 1.0 0.0 5.0 1000000000000066.1 1000000000000066.1 66.2     1

% Lugo - Extremadura, 2019-01-13, Liga Adelante, 372431
22 5 7 8 2.0 2.0 2.0 2.33 1.33 2.33 2.0 2.0 2.0     20 5 5 10 3.0 0.0 3.0 1.6600000000000001 1.6600000000000001 2.66 0.2 0.2 0.2     X

% Real Zaragoza - Malaga, 2019-01-13, Liga Adelante, 372434
22 5 7 8 2.0 2.0 2.0 1.33 3.33 1.33 2.0 2.0 2.0     36 11 3 6 2.0 2.0 2.0 0.0 3.0 3.0 0.2 0.2 0.2     2

% Academico Viseu - Farense, 2019-01-13, Segunda Liga, 373988
16 4 4 7 2.0 1.0 3.0 2.66 1.6600000000000001 1.6600000000000001 2.0 2.0 2.0     23 6 5 5 2.0 2.0 2.0 2.33 2.33 1.33 0.2 0.2 0.2     1

% Nantes - Rennes, 2019-01-13, Ligue 1, 378477
% >378477 23 6 5 7 4.0 1.0 1.0 4.33 1.33 0.33 0.0 2.0 4.0     26 7 5 6 4.0 1.0 1.0 3.0 2.0 1.0 0.4 0.2 0.0     ?

% Toulouse - Strasbourg, 2019-01-13, Ligue 1, 378478
% >378478 21 5 6 7 4.0 0.0 2.0 3.33 1.33 1.33 1.33 2.33 2.33     26 6 8 5 1.0 4.0 1.0 1.0 3.0 2.0 33.2 33.2 33.1     ?

% Nacional - Belenenses, 2019-01-13, Primeira Liga, 378480
% >378480 19 5 4 7 3.0 1.0 2.0 3.0 2.0 1.0 1.6600000000000001 3.66 0.66     25 6 7 3 3.0 2.0 1.0 1.33 3.33 1.33 66.0 66.3 1000000000000066.1     ?

% Chaves - Tondela, 2019-01-13, Primeira Liga, 378481
% >378481 9 2 3 11 0.0 1.0 5.0 0.66 1.6600000000000001 3.66 1.33 2.33 2.33     18 5 3 8 3.0 0.0 3.0 2.66 0.66 2.66 33.2 33.2 33.1     ?

% Rio Ave - Vitoria de Setubal, 2019-01-13, Primeira Liga, 378482
19 5 4 7 0.0 1.0 5.0 0.66 2.66 2.66 3.0 2.0 1.0     18 5 3 8 2.0 0.0 4.0 2.33 0.33 3.33 0.1 0.2 0.3     X

% CD Cova da Piedade - Pacos de Ferreira, 2019-01-13, Segunda Liga, 378483
17 4 5 7 2.0 1.0 3.0 2.33 1.33 2.33 2.0 2.0 2.0     37 12 1 3 5.0 0.0 1.0 4.0 1.0 1.0 0.2 0.2 0.2     2

% Barcelona - Eibar, 2019-01-13, Liga BBVA, 378849
40 12 4 2 4.33 1.33 0.33 3.33 1.33 1.33 6.0 0.0 0.0     22 5 7 6 2.0 4.0 0.0 1.33 2.33 2.33 0.0 0.0 0.6     1

% Nantes - Rennes, 2019-01-13, Ligue 1, 378853
23 6 5 7 4.0 1.0 1.0 4.33 1.33 0.33 0.0 2.0 4.0     26 7 5 6 4.0 1.0 1.0 3.0 2.0 1.0 0.4 0.2 0.0     2

% Toulouse - Strasbourg, 2019-01-13, Ligue 1, 378854
21 5 6 7 4.0 0.0 2.0 3.33 1.33 1.33 1.33 2.33 2.33     26 6 8 5 1.0 4.0 1.0 1.0 3.0 2.0 33.2 33.2 33.1     2

% Marseille - Monaco, 2019-01-13, Ligue 1, 378855
27 8 3 6 1.33 1.33 3.33 1.66 1.66 2.66 0.0 2.0 4.0     13 3 4 11 1.33 1.33 3.33 2.33 1.33 2.33 0.4 0.2 0.0     X

% Nacional - Belenenses, 2019-01-13, Primeira Liga, 378859
19 5 4 7 3.0 1.0 2.0 3.0 2.0 1.0 1.6600000000000001 3.66 0.66     25 6 7 3 3.0 2.0 1.0 1.33 3.33 1.33 66.0 66.3 1000000000000066.1     2

% Chaves - Tondela, 2019-01-13, Primeira Liga, 378860
9 2 3 11 0.0 1.0 5.0 0.66 1.6600000000000001 3.66 1.33 2.33 2.33     18 5 3 8 3.0 0.0 3.0 2.66 0.66 2.66 33.2 33.2 33.1     1

% Benfica B - Braga B, 2019-01-13, Segunda Liga, 378862
28 8 4 3 3.0 2.0 1.0 5.33 0.33 0.33 2.0 2.0 2.0     13 4 1 11 1.0 0.0 5.0 0.66 0.66 4.66 0.2 0.2 0.2     2

% Academica - Varzim, 2019-01-13, Segunda Liga, 378863
24 7 3 6 3.0 1.0 2.0 2.33 0.33 3.33 3.66 0.66 1.6600000000000001     22 6 4 6 3.0 1.0 2.0 2.66 1.6600000000000001 1.6600000000000001 1000000000000066.1 66.0 66.3     1

% Arouca - Oliveirense, 2019-01-13, Segunda Liga, 378864
14 3 5 8 0.0 4.0 2.0 0.66 2.66 2.66 2.33 1.33 2.33     15 3 6 7 1.0 1.0 4.0 1.6600000000000001 0.66 3.66 33.2 33.1 33.2     X

% Dijon - Montpellier, 2019-01-13, Ligue 1, 378971
16 4 4 10 1.0 2.0 3.0 1.6600000000000001 1.6600000000000001 2.66 2.33 3.33 0.33     30 8 6 4 3.0 2.0 1.0 2.66 1.6600000000000001 1.6600000000000001 33.0 33.3 33.2     X
